0.8596400256303967	0.380859375	0.205078125	
0.8596400256303967	0.4052734375	0.7177734375	
0.8596400256303967	0.4541015625	0.849609375	
0.8596400256303967	0.517578125	0.9765625	
0.8596400256303967	0.6494140625	1.171875	
0.8596400256303967	0.7177734375	1.2548828125	
0.8596400256303967	0.7763671875	1.3427734375	
0.8596400256303967	0.830078125	1.4013671875	
0.8596400256303967	0.9423828125	1.513671875	
0.8596400256303967	0.99609375	1.5673828125	
0.8596400256303967	1.0400390625	1.6064453125	
0.8596400256303967	1.1474609375	1.6845703125	
0.8596400256303967	1.1865234375	1.7236328125	
0.8596400256303967	1.2255859375	1.7529296875	
0.8596400256303967	1.26953125	1.77734375	
0.8596400256303967	1.4111328125	1.85546875	
0.8596400256303967	1.474609375	1.89453125	
0.8596400256303967	1.513671875	1.9140625	
0.8596400256303967	1.54296875	1.93359375	
0.8596400256303967	1.552734375	1.9482421875	
0.8596400256303967	1.6064453125	1.9775390625	
0.8596400256303967	1.6259765625	1.9921875	
1.9716513095711412	1.728515625	2.5244140625	
1.9716513095711412	1.962890625	3.2373046875	
1.9716513095711412	2.05078125	3.4375	
1.9716513095711412	2.1484375	3.6279296875	
1.9716513095711412	2.2509765625	3.80859375	
1.9716513095711412	2.353515625	3.974609375	
1.9716513095711412	2.5634765625	4.2822265625	
1.9716513095711412	2.6708984375	4.43359375	
1.9716513095711412	2.7783203125	4.5703125	
1.9716513095711412	2.8857421875	4.7021484375	
1.9716513095711412	2.9931640625	4.82421875	
1.9716513095711412	3.1005859375	4.9365234375	
1.9716513095711412	3.2080078125	5.0439453125	
1.9716513095711412	3.3154296875	5.1513671875	
1.9716513095711412	3.41796875	5.2490234375	
1.9716513095711412	3.5302734375	5.341796875	
1.9716513095711412	3.73046875	5.5224609375	
1.9716513095711412	3.916015625	5.68359375	
1.9716513095711412	4.013671875	5.76171875	
1.9716513095711412	4.0966796875	5.830078125	
1.9716513095711412	4.267578125	5.966796875	
1.9716513095711412	4.35546875	6.025390625	
1.2705617512127116	4.4384765625	6.083984375	
1.2705617512127116	4.5166015625	5.99609375	
1.2705617512127116	4.6435546875	5.76171875	
1.2705617512127116	4.7412109375	5.556640625	
1.2705617512127116	4.7802734375	5.46875	
1.2705617512127116	4.8291015625	5.2880859375	
1.2705617512127116	4.853515625	5.205078125	
1.2705617512127116	4.8779296875	5.05859375	
1.2705617512127116	4.8876953125	4.9951171875	
1.2705617512127116	4.892578125	4.8681640625	
1.2705617512127116	4.892578125	4.82421875	
1.2705617512127116	4.892578125	4.7607421875	
1.2705617512127116	4.8779296875	4.7119140625	
1.2705617512127116	4.8681640625	4.658203125	
1.2705617512127116	4.8291015625	4.5263671875	
1.2705617512127116	4.8046875	4.4970703125	
1.2705617512127116	4.7900390625	4.47265625	
1.2705617512127116	4.755859375	4.39453125	
1.2705617512127116	4.6923828125	4.3115234375	
0.5249844336281221	4.6240234375	4.0771484375	
0.5249844336281221	4.599609375	3.8720703125	
0.5249844336281221	4.5556640625	3.6767578125	
0.5249844336281221	4.501953125	3.505859375	
0.5249844336281221	4.4384765625	3.33984375	
0.5249844336281221	4.375	3.1787109375	
0.5249844336281221	4.21875	2.8955078125	
0.5249844336281221	4.130859375	2.7685546875	
0.5249844336281221	3.8525390625	2.4365234375	
0.5249844336281221	3.447265625	2.1044921875	
0.5249844336281221	3.349609375	2.041015625	
0.5249844336281221	3.251953125	1.982421875	
0.5249844336281221	3.14453125	1.923828125	
0.5249844336281221	3.046875	1.8701171875	
0.5249844336281221	2.94921875	1.8310546875	
0.5249844336281221	2.861328125	1.787109375	
0.5249844336281221	2.763671875	1.748046875	
0.5249844336281221	2.67578125	1.71875	
0.5249844336281221	2.587890625	1.6845703125	
0.5249844336281221	2.509765625	1.6552734375	
0.5249844336281221	2.28515625	1.591796875	
1.0846741483491706	2.216796875	1.572265625	
1.0846741483491706	2.109375	1.845703125	
1.0846741483491706	2.080078125	1.943359375	
1.0846741483491706	2.0556640625	2.05078125	
1.0846741483491706	2.0458984375	2.2216796875	
1.0846741483491706	2.05078125	2.28515625	
1.0846741483491706	2.060546875	2.36328125	
1.0846741483491706	2.0751953125	2.431640625	
1.0846741483491706	2.08984375	2.4853515625	
1.0846741483491706	2.1142578125	2.5439453125	
1.0846741483491706	2.138671875	2.5927734375	
1.0846741483491706	2.1923828125	2.6953125	
1.0846741483491706	2.2265625	2.7392578125	
1.0846741483491706	2.2509765625	2.7734375	
1.0846741483491706	2.3388671875	2.87109375	
1.0846741483491706	2.421875	2.9541015625	
1.0846741483491706	2.451171875	2.9736328125	
1.0846741483491706	2.48046875	2.998046875	
1.0846741483491706	2.5048828125	3.0126953125	
1.0846741483491706	2.5341796875	3.037109375	
1.0846741483491706	2.55859375	3.056640625	
1.0846741483491706	2.587890625	3.076171875	
1.0846741483491706	2.607421875	3.0859375	
0.13976967051848943	2.6513671875	2.63671875	
0.13976967051848943	2.646484375	2.3486328125	
0.13976967051848943	2.568359375	1.796875	
0.13976967051848943	2.5	1.572265625	
0.13976967051848943	2.4169921875	1.3623046875	
0.13976967051848943	2.32421875	1.201171875	
0.13976967051848943	2.2119140625	0.99609375	
0.13976967051848943	2.0849609375	0.8837890625	
0.13976967051848943	1.953125	0.7421875	
0.13976967051848943	1.81640625	0.634765625	
0.13976967051848943	1.669921875	0.546875	
0.13976967051848943	1.3720703125	0.439453125	
0.13976967051848943	1.07421875	0.41015625	
0.13976967051848943	0.9326171875	0.400390625	
0.13976967051848943	0.6396484375	0.3857421875	
0.13976967051848943	0.4736328125	0.4150390625	
0.13976967051848943	0.390625	0.37109375	
0.13976967051848943	0.41015625	0.4052734375	
0.13976967051848943	0.478515625	0.400390625	
0.13976967051848943	0.390625	0.3955078125	
0.13976967051848943	0.41015625	0.3955078125	
0.9897909705576466	0.4052734375	0.400390625	
0.9897909705576466	0.3857421875	0.7470703125	
0.9897909705576466	0.810546875	0.947265625	
0.9897909705576466	0.6396484375	1.142578125	
0.9897909705576466	0.576171875	1.2939453125	
0.9897909705576466	0.634765625	1.435546875	
0.9897909705576466	0.8642578125	1.7626953125	
0.9897909705576466	0.9228515625	1.865234375	
0.9897909705576466	0.9765625	1.943359375	
0.9897909705576466	1.1669921875	2.1630859375	
0.9897909705576466	1.2255859375	2.2265625	
0.9897909705576466	1.2890625	2.28515625	
0.9897909705576466	1.4013671875	2.3828125	
0.9897909705576466	1.50390625	2.470703125	
0.9897909705576466	1.552734375	2.5048828125	
0.9897909705576466	1.6357421875	2.5732421875	
0.9897909705576466	1.6748046875	2.59765625	
0.9897909705576466	1.7529296875	2.6611328125	
0.9897909705576466	1.865234375	2.7197265625	
0.9897909705576466	1.89453125	2.734375	
0.9986485401489643	1.9970703125	2.7880859375	
0.9986485401489643	2.021484375	2.8076171875	
0.9986485401489643	2.0556640625	2.8125	
0.9986485401489643	2.080078125	2.83203125	
0.9986485401489643	2.1044921875	2.8466796875	
0.9986485401489643	2.12890625	2.861328125	
0.9986485401489643	2.1728515625	2.880859375	
0.9986485401489643	2.24609375	2.890625	
0.9986485401489643	2.265625	2.9150390625	
0.9986485401489643	2.28515625	2.919921875	
0.9986485401489643	2.333984375	2.9248046875	
0.9986485401489643	2.3486328125	2.939453125	
0.9986485401489643	2.373046875	2.9443359375	
0.9986485401489643	2.3974609375	2.9541015625	
0.9986485401489643	2.4169921875	2.9638671875	
0.9986485401489643	2.4267578125	2.9736328125	
0.9986485401489643	2.431640625	2.96875	
0.9986485401489643	2.44140625	2.978515625	
0.9986485401489643	2.4560546875	2.978515625	
0.44746856610805796	2.4755859375	2.978515625	
0.44746856610805796	2.4658203125	2.412109375	
0.44746856610805796	2.44140625	2.20703125	
0.44746856610805796	2.421875	2.1142578125	
0.44746856610805796	2.3828125	1.953125	
0.44746856610805796	2.36328125	1.8798828125	
0.44746856610805796	2.333984375	1.81640625	
0.44746856610805796	2.2900390625	1.7578125	
0.44746856610805796	2.2412109375	1.7041015625	
0.44746856610805796	2.1240234375	1.611328125	
0.44746856610805796	2.0654296875	1.572265625	
0.44746856610805796	2.0068359375	1.533203125	
0.44746856610805796	1.89453125	1.4794921875	
0.44746856610805796	1.845703125	1.4501953125	
0.44746856610805796	1.7919921875	1.42578125	
0.44746856610805796	1.7431640625	1.40625	
0.44746856610805796	1.6943359375	1.3916015625	
0.44746856610805796	1.650390625	1.376953125	
0.44746856610805796	1.6064453125	1.3623046875	
0.44746856610805796	1.572265625	1.3525390625	
0.44746856610805796	1.533203125	1.3427734375	
2.2466142707566275	1.42578125	1.30859375	
2.2466142707566275	1.4111328125	1.6943359375	
2.2466142707566275	1.4404296875	2.0947265625	
2.2466142707566275	1.4990234375	2.4462890625	
2.2466142707566275	1.58203125	2.7197265625	
2.2466142707566275	1.6845703125	2.9638671875	
2.2466142707566275	1.787109375	3.2275390625	
2.2466142707566275	1.904296875	3.49609375	
2.2466142707566275	2.01171875	3.759765625	
2.2466142707566275	2.1728515625	4.2236328125	
2.2466142707566275	2.255859375	4.4580078125	
2.2466142707566275	2.451171875	4.8486328125	
2.2466142707566275	2.5732421875	5.0244140625	
2.2466142707566275	2.705078125	5.1904296875	
2.2466142707566275	2.841796875	5.361328125	
2.2466142707566275	3.1201171875	5.673828125	
2.2466142707566275	3.2470703125	5.8154296875	
2.2466142707566275	3.3935546875	5.9521484375	
2.2466142707566275	3.6376953125	6.2109375	
2.2466142707566275	4.1650390625	6.6650390625	
2.2466142707566275	4.2919921875	6.7626953125	
2.2466142707566275	4.4140625	6.865234375	
0.17947866614133012	4.6533203125	7.041015625	
0.17947866614133012	4.7705078125	6.6748046875	
0.17947866614133012	4.8486328125	6.1328125	
0.17947866614133012	4.8974609375	5.6494140625	
0.17947866614133012	4.921875	5.1904296875	
0.17947866614133012	4.931640625	4.7314453125	
0.17947866614133012	4.9267578125	4.35546875	
0.17947866614133012	4.90234375	3.9306640625	
0.17947866614133012	4.78515625	2.91015625	
0.17947866614133012	4.70703125	2.6123046875	
0.17947866614133012	4.423828125	2.0849609375	
0.17947866614133012	4.2578125	1.8212890625	
0.17947866614133012	4.0869140625	1.611328125	
0.17947866614133012	3.90625	1.435546875	
0.17947866614133012	3.7158203125	1.259765625	
0.17947866614133012	3.515625	1.1083984375	
0.17947866614133012	3.3056640625	0.9423828125	
0.17947866614133012	2.67578125	0.673828125	
0.17947866614133012	2.4560546875	0.5712890625	
0.17947866614133012	2.2509765625	0.517578125	
0.17947866614133012	2.0458984375	0.4638671875	
0.17947866614133012	1.66015625	0.4248046875	
0.17947866614133012	1.474609375	0.4150390625	
0.17947866614133012	1.3037109375	0.419921875	
0.7440898987662959	1.0205078125	0.703125	
0.7440898987662959	0.9619140625	0.859375	
0.7440898987662959	0.9228515625	1.103515625	
0.7440898987662959	0.9375	1.201171875	
0.7440898987662959	0.95703125	1.2890625	
0.7440898987662959	0.986328125	1.376953125	
0.7440898987662959	1.0205078125	1.4453125	
0.7440898987662959	1.1328125	1.611328125	
0.7440898987662959	1.4013671875	1.8359375	
0.7440898987662959	1.494140625	1.89453125	
0.7440898987662959	1.552734375	1.9287109375	
0.7440898987662959	1.58203125	1.9384765625	
0.7440898987662959	1.611328125	1.9482421875	
0.7440898987662959	1.66015625	1.97265625	
0.7440898987662959	1.6796875	1.9775390625	
0.7440898987662959	1.69921875	1.982421875	
2.2658038028868623	1.71875	1.9921875	
2.2658038028868623	1.748046875	2.3193359375	
2.2658038028868623	1.796875	2.67578125	
2.2658038028868623	1.8701171875	3.017578125	
2.2658038028868623	2.0556640625	3.5986328125	
2.2658038028868623	2.16796875	3.8671875	
2.2658038028868623	2.2802734375	4.1162109375	
2.2658038028868623	2.3974609375	4.3603515625	
2.2658038028868623	2.646484375	4.8046875	
2.2658038028868623	2.7783203125	5.0048828125	
2.2658038028868623	2.91015625	5.185546875	
2.2658038028868623	3.037109375	5.361328125	
2.2658038028868623	3.18359375	5.52734375	
2.2658038028868623	3.3154296875	5.68359375	
2.2658038028868623	3.57421875	5.947265625	
2.2658038028868623	3.701171875	6.0595703125	
2.2658038028868623	3.828125	6.162109375	
2.2658038028868623	3.9453125	6.2744140625	
2.2658038028868623	4.150390625	6.474609375	
2.2658038028868623	4.3359375	6.6796875	
2.2658038028868623	4.4091796875	6.7822265625	
2.2658038028868623	4.4921875	6.8798828125	
2.2658038028868623	4.58984375	6.9775390625	
0.046256084868973035	4.892578125	7.24609375	
0.046256084868973035	5.1318359375	4.2138671875	
0.046256084868973035	5.09765625	3.740234375	
0.046256084868973035	4.990234375	2.94921875	
0.046256084868973035	4.90234375	2.607421875	
0.046256084868973035	4.78515625	2.255859375	
0.046256084868973035	4.62890625	1.9580078125	
0.046256084868973035	4.443359375	1.66015625	
0.046256084868973035	4.248046875	1.40625	
0.046256084868973035	4.033203125	1.2060546875	
0.046256084868973035	3.80859375	0.9619140625	
0.046256084868973035	3.57421875	0.8056640625	
0.046256084868973035	3.330078125	0.6640625	
0.046256084868973035	3.06640625	0.5078125	
0.046256084868973035	1.884765625	0.37109375	
0.046256084868973035	1.376953125	0.3662109375	
0.046256084868973035	0.91796875	0.3662109375	
0.046256084868973035	0.5908203125	0.380859375	
1.0677228221810011	0.5322265625	0.380859375	
1.0677228221810011	0.5322265625	0.986328125	
1.0677228221810011	0.595703125	1.19140625	
1.0677228221810011	0.7373046875	1.5234375	
1.0677228221810011	0.8154296875	1.6552734375	
1.0677228221810011	0.9716796875	1.8896484375	
1.0677228221810011	1.0498046875	1.9921875	
1.0677228221810011	1.123046875	2.0849609375	
1.0677228221810011	1.19140625	2.1826171875	
1.0677228221810011	1.3330078125	2.3291015625	
1.0677228221810011	1.4013671875	2.3974609375	
1.0677228221810011	1.4697265625	2.4658203125	
1.0677228221810011	1.533203125	2.51953125	
1.0677228221810011	1.5966796875	2.5732421875	
1.0677228221810011	1.71875	2.6806640625	
1.0677228221810011	1.8310546875	2.7685546875	
1.0677228221810011	1.884765625	2.8125	
1.0677228221810011	1.9384765625	2.861328125	
1.0677228221810011	1.9873046875	2.8857421875	
1.0677228221810011	2.0361328125	2.900390625	
1.0677228221810011	2.080078125	2.939453125	
1.0677228221810011	2.12890625	2.96875	
1.0677228221810011	2.20703125	3.0224609375	
0.02753847247772434	2.2705078125	2.138671875	
0.02753847247772434	2.197265625	1.54296875	
0.02753847247772434	1.7822265625	0.6689453125	
0.02753847247772434	1.6357421875	0.5224609375	
0.02753847247772434	1.474609375	0.380859375	
0.02753847247772434	1.2890625	0.3515625	
0.02753847247772434	1.0498046875	0.3662109375	
0.02753847247772434	0.8203125	0.380859375	
0.02753847247772434	0.6298828125	0.380859375	
0.02753847247772434	0.4638671875	0.361328125	
0.02753847247772434	0.361328125	0.37109375	
0.02753847247772434	0.361328125	0.3515625	
0.02753847247772434	0.361328125	0.3515625	
0.02753847247772434	0.361328125	0.361328125	
0.02753847247772434	0.3662109375	0.361328125	
0.02753847247772434	0.3662109375	0.361328125	
0.02753847247772434	0.37109375	0.361328125	
0.02753847247772434	0.37109375	0.3759765625	
0.02753847247772434	0.37109375	0.3857421875	
0.02753847247772434	0.3662109375	0.3564453125	
1.6597437662819325	0.3662109375	0.361328125	
1.6597437662819325	0.3759765625	0.908203125	
1.6597437662819325	1.3232421875	3.046875	
1.6597437662819325	1.4501953125	3.1982421875	
1.6597437662819325	1.6943359375	3.466796875	
1.6597437662819325	1.806640625	3.5888671875	
1.6597437662819325	1.9140625	3.701171875	
1.6597437662819325	2.138671875	3.916015625	
1.6597437662819325	2.3486328125	4.1015625	
1.6597437662819325	2.4462890625	4.1943359375	
1.6597437662819325	2.5439453125	4.2626953125	
1.6597437662819325	2.734375	4.423828125	
1.6597437662819325	2.83203125	4.4873046875	
1.6597437662819325	2.91015625	4.560546875	
1.6597437662819325	3.0810546875	4.6728515625	
1.6597437662819325	3.1640625	4.74609375	
1.8200139291836135	3.3203125	4.833984375	
1.8200139291836135	3.3935546875	4.9072265625	
1.8200139291836135	3.4716796875	5.0048828125	
1.8200139291836135	3.5498046875	5.0732421875	
1.8200139291836135	3.6181640625	5.146484375	
1.8200139291836135	3.69140625	5.21484375	
1.8200139291836135	3.7646484375	5.283203125	
1.8200139291836135	3.8916015625	5.4052734375	
1.8200139291836135	3.9501953125	5.4541015625	
1.8200139291836135	4.013671875	5.5126953125	
1.8200139291836135	4.0673828125	5.556640625	
1.8200139291836135	4.12109375	5.60546875	
1.8200139291836135	4.21875	5.703125	
1.8200139291836135	4.267578125	5.7421875	
1.8200139291836135	4.3115234375	5.78125	
1.8200139291836135	4.35546875	5.8154296875	
1.8200139291836135	4.39453125	5.849609375	
1.8200139291836135	4.43359375	5.8935546875	
1.8200139291836135	4.47265625	5.91796875	
1.8200139291836135	4.5166015625	5.947265625	
1.8200139291836135	4.70703125	6.0595703125	
1.8200139291836135	4.794921875	6.103515625	
1.8200139291836135	4.8876953125	6.142578125	
1.9435528371346336	5.0146484375	6.240234375	
1.9435528371346336	5.1025390625	6.318359375	
1.9435528371346336	5.1416015625	6.3427734375	
1.9435528371346336	5.234375	6.4013671875	
1.9435528371346336	5.2880859375	6.4306640625	
1.9435528371346336	5.33203125	6.46484375	
1.9435528371346336	5.37109375	6.4990234375	
1.9435528371346336	5.419921875	6.513671875	
1.9435528371346336	5.5029296875	6.572265625	
1.9435528371346336	5.546875	6.5966796875	
1.9435528371346336	5.615234375	6.6455078125	
1.9435528371346336	5.6494140625	6.669921875	
1.9435528371346336	5.6884765625	6.6943359375	
1.9435528371346336	5.7275390625	6.708984375	
1.9435528371346336	5.791015625	6.7529296875	
1.9435528371346336	5.8642578125	6.7919921875	
1.9435528371346336	5.8984375	6.806640625	
1.9435528371346336	5.9521484375	6.8408203125	
1.9435528371346336	5.986328125	6.85546875	
1.9435528371346336	6.0498046875	6.89453125	
2.242828057843062	6.103515625	6.962890625	
2.242828057843062	6.1328125	7.05078125	
2.242828057843062	6.2060546875	7.216796875	
2.242828057843062	6.2353515625	7.275390625	
2.242828057843062	6.26953125	7.3583984375	
2.242828057843062	6.3037109375	7.421875	
2.242828057843062	6.3427734375	7.490234375	
2.242828057843062	6.5478515625	7.7783203125	
2.242828057843062	6.6357421875	7.880859375	
2.242828057843062	6.6796875	7.9248046875	
2.242828057843062	6.7333984375	7.9736328125	
2.242828057843062	6.7822265625	8.0224609375	
2.242828057843062	6.9189453125	8.1396484375	
2.242828057843062	7.060546875	8.2470703125	
2.242828057843062	7.16796875	8.310546875	
2.242828057843062	7.197265625	8.3544921875	
2.242828057843062	7.236328125	8.4033203125	
2.090871632736736	7.3583984375	8.466796875	
2.090871632736736	7.3974609375	8.45703125	
2.090871632736736	7.431640625	8.45703125	
2.090871632736736	7.4560546875	8.45703125	
2.090871632736736	7.48046875	8.4521484375	
2.090871632736736	7.5390625	8.447265625	
2.090871632736736	7.578125	8.4423828125	
2.090871632736736	7.6123046875	8.4326171875	
2.090871632736736	7.6318359375	8.4326171875	
2.090871632736736	7.65625	8.427734375	
2.090871632736736	7.67578125	8.427734375	
2.090871632736736	7.7001953125	8.4228515625	
2.090871632736736	7.7099609375	8.4228515625	
2.090871632736736	7.75390625	8.41796875	
2.090871632736736	7.783203125	8.41796875	
2.090871632736736	7.79296875	8.41796875	
2.090871632736736	7.822265625	8.4130859375	
2.090871632736736	7.8466796875	8.41796875	
1.6483844645074428	7.861328125	8.41796875	
1.6483844645074428	7.87109375	8.3544921875	
1.6483844645074428	7.8759765625	8.28125	
1.6483844645074428	7.8759765625	8.193359375	
1.6483844645074428	7.880859375	8.0126953125	
1.6483844645074428	7.880859375	7.9248046875	
1.6483844645074428	7.8759765625	7.8369140625	
1.6483844645074428	7.880859375	7.763671875	
1.6483844645074428	7.8759765625	7.67578125	
1.6483844645074428	7.8759765625	7.59765625	
1.6483844645074428	7.87109375	7.529296875	
1.6483844645074428	7.8662109375	7.451171875	
1.6483844645074428	7.8515625	7.3876953125	
1.6483844645074428	7.8369140625	7.32421875	
1.6483844645074428	7.8173828125	7.2607421875	
1.6483844645074428	7.7880859375	7.197265625	
1.6483844645074428	7.7587890625	7.138671875	
1.6483844645074428	7.7197265625	7.0849609375	
1.6483844645074428	7.685546875	7.03125	
1.6483844645074428	7.6513671875	6.9921875	
1.6483844645074428	7.3779296875	6.767578125	
1.6483844645074428	7.3486328125	6.7333984375	
1.6483844645074428	7.314453125	6.6943359375	
1.6483844645074428	7.2900390625	6.66015625	
1.6483844645074428	7.255859375	6.6259765625	
0.7133878302785763	7.2265625	6.591796875	
0.7133878302785763	7.158203125	6.0986328125	
0.7133878302785763	7.099609375	5.859375	
0.7133878302785763	7.0361328125	5.634765625	
0.7133878302785763	6.9677734375	5.419921875	
0.7133878302785763	6.806640625	5.029296875	
0.7133878302785763	6.6259765625	4.6630859375	
0.7133878302785763	6.5234375	4.4970703125	
0.7133878302785763	6.416015625	4.3310546875	
0.7133878302785763	6.3037109375	4.189453125	
0.7133878302785763	6.1865234375	4.0478515625	
0.7133878302785763	6.07421875	3.9208984375	
0.7133878302785763	5.947265625	3.7939453125	
0.7133878302785763	5.8203125	3.681640625	
0.7133878302785763	5.693359375	3.564453125	
0.7133878302785763	5.5712890625	3.4814453125	
0.7133878302785763	5.44921875	3.37890625	
0.7133878302785763	5.1953125	3.193359375	
0.7133878302785763	5.0634765625	3.115234375	
0.7133878302785763	4.94140625	3.046875	
0.7133878302785763	4.814453125	2.9833984375	
0.7133878302785763	4.697265625	2.9150390625	
0.7133878302785763	4.580078125	2.8564453125	
0.7133878302785763	4.4580078125	2.8076171875	
0.7133878302785763	4.3408203125	2.75390625	
0.7133878302785763	4.2333984375	2.71484375	
0.8466700259408502	4.1357421875	2.67578125	
0.8466700259408502	4.0185546875	2.7001953125	
0.8466700259408502	3.916015625	2.6953125	
0.8466700259408502	3.73046875	2.705078125	
0.8466700259408502	3.5693359375	2.705078125	
0.8466700259408502	3.49609375	2.7001953125	
0.8466700259408502	3.4228515625	2.7001953125	
0.8466700259408502	3.359375	2.705078125	
0.8466700259408502	3.2421875	2.7001953125	
0.8466700259408502	3.1884765625	2.705078125	
0.8466700259408502	3.1396484375	2.7001953125	
0.8466700259408502	3.0126953125	2.6953125	
0.8466700259408502	2.9736328125	2.685546875	
0.8466700259408502	2.9052734375	2.685546875	
0.8466700259408502	2.841796875	2.6806640625	
0.8466700259408502	2.8271484375	2.6708984375	
0.8466700259408502	2.7783203125	2.6806640625	
0.8466700259408502	2.7490234375	2.6708984375	
0.8466700259408502	2.724609375	2.6611328125	
0.8466700259408502	2.705078125	2.666015625	
0.8466700259408502	2.6806640625	2.67578125	
0.8466700259408502	2.646484375	2.65625	
1.28697886114929	2.6318359375	2.65625	
1.28697886114929	2.6171875	2.7392578125	
1.28697886114929	2.6171875	2.841796875	
1.28697886114929	2.6171875	2.9248046875	
1.28697886114929	2.63671875	3.095703125	
1.28697886114929	2.6513671875	3.14453125	
1.28697886114929	2.7001953125	3.2763671875	
1.28697886114929	2.724609375	3.330078125	
1.28697886114929	2.75390625	3.388671875	
1.28697886114929	2.783203125	3.427734375	
1.28697886114929	2.8173828125	3.4716796875	
1.28697886114929	2.8466796875	3.525390625	
1.28697886114929	2.8759765625	3.564453125	
1.28697886114929	2.9443359375	3.642578125	
1.28697886114929	2.978515625	3.6767578125	
1.28697886114929	3.037109375	3.7353515625	
1.28697886114929	3.193359375	3.857421875	
1.28697886114929	3.22265625	3.88671875	
1.28697886114929	3.2470703125	3.896484375	
1.28697886114929	3.3056640625	3.9404296875	
1.28697886114929	3.330078125	3.955078125	
2.21469514116081	3.3544921875	3.96484375	
2.21469514116081	3.388671875	4.1796875	
2.21469514116081	3.4326171875	4.4091796875	
2.21469514116081	3.5400390625	4.8291015625	
2.21469514116081	3.681640625	5.2001953125	
2.21469514116081	3.7548828125	5.37109375	
2.21469514116081	3.8330078125	5.5322265625	
2.21469514116081	3.9990234375	5.830078125	
2.21469514116081	4.08203125	5.966796875	
2.21469514116081	4.1650390625	6.0888671875	
2.21469514116081	4.2529296875	6.2060546875	
2.21469514116081	4.3408203125	6.328125	
2.21469514116081	4.51171875	6.5283203125	
2.21469514116081	4.5947265625	6.62109375	
2.21469514116081	4.6826171875	6.71875	
2.21469514116081	4.7607421875	6.806640625	
2.21469514116081	4.84375	6.8798828125	
2.21469514116081	4.931640625	6.9482421875	
2.21469514116081	5.009765625	7.0166015625	
2.21469514116081	5.25390625	7.197265625	
2.21469514116081	5.33203125	7.2607421875	
2.21469514116081	5.4150390625	7.3291015625	
2.21469514116081	5.48828125	7.3974609375	
2.21469514116081	5.5615234375	7.470703125	
1.8198674182416457	5.693359375	7.5341796875	
1.8198674182416457	5.7568359375	7.51953125	
1.8198674182416457	5.869140625	7.490234375	
1.8198674182416457	5.9521484375	7.4609375	
1.8198674182416457	6.0009765625	7.4462890625	
1.8198674182416457	6.064453125	7.412109375	
1.8198674182416457	6.0986328125	7.3974609375	
1.8198674182416457	6.1181640625	7.3828125	
1.8198674182416457	6.1865234375	7.34375	
1.8198674182416457	6.2060546875	7.32421875	
1.8198674182416457	6.2451171875	7.2900390625	
1.8198674182416457	6.259765625	7.2705078125	
1.8198674182416457	6.279296875	7.255859375	
1.8198674182416457	6.2939453125	7.236328125	
1.8198674182416457	6.318359375	7.2021484375	
1.8198674182416457	6.328125	7.1875	
1.8198674182416457	6.3427734375	7.1728515625	
1.8198674182416457	6.3525390625	7.1630859375	
1.8198674182416457	6.3720703125	7.1337890625	
1.8198674182416457	6.376953125	7.12890625	
1.8198674182416457	6.38671875	7.1142578125	
1.8198674182416457	6.3916015625	7.1044921875	
0.815624366997205	6.4013671875	7.099609375	
0.815624366997205	6.4013671875	6.8994140625	
0.815624366997205	6.4013671875	6.650390625	
0.815624366997205	6.4013671875	6.435546875	
0.815624366997205	6.4013671875	6.2158203125	
0.815624366997205	6.3818359375	5.7861328125	
0.815624366997205	6.357421875	5.60546875	
0.815624366997205	6.3232421875	5.419921875	
0.815624366997205	6.2109375	5.0634765625	
0.815624366997205	6.142578125	4.9267578125	
0.815624366997205	6.0791015625	4.775390625	
0.815624366997205	5.99609375	4.6484375	
0.815624366997205	5.9130859375	4.501953125	
0.815624366997205	5.8251953125	4.375	
0.815624366997205	5.7421875	4.248046875	
0.815624366997205	5.64453125	4.140625	
0.815624366997205	5.556640625	4.052734375	
0.815624366997205	5.2685546875	3.7744140625	
0.815624366997205	5.068359375	3.623046875	
0.815624366997205	4.873046875	3.4912109375	
0.815624366997205	4.7705078125	3.4228515625	
1.6025112515016033	4.3896484375	3.22265625	
1.6025112515016033	4.2333984375	3.4765625	
1.6025112515016033	4.1748046875	3.603515625	
1.6025112515016033	4.12109375	3.720703125	
1.6025112515016033	4.08203125	3.828125	
1.6025112515016033	4.0283203125	4.0283203125	
1.6025112515016033	4.013671875	4.12109375	
1.6025112515016033	3.994140625	4.2724609375	
1.6025112515016033	3.9990234375	4.443359375	
1.6025112515016033	4.0087890625	4.5166015625	
1.6025112515016033	4.052734375	4.70703125	
1.6025112515016033	4.072265625	4.755859375	
1.6025112515016033	4.140625	4.912109375	
1.6025112515016033	4.1650390625	4.951171875	
1.6025112515016033	4.189453125	4.9853515625	
1.6025112515016033	4.23828125	5.068359375	
1.6025112515016033	4.2626953125	5.09765625	
1.6025112515016033	4.287109375	5.13671875	
1.6025112515016033	4.3115234375	5.1611328125	
1.6025112515016033	4.3408203125	5.185546875	
1.6025112515016033	4.365234375	5.21484375	
1.1442071828993094	4.4140625	5.1708984375	
1.1442071828993094	4.4482421875	5.01953125	
1.1442071828993094	4.4580078125	4.951171875	
1.1442071828993094	4.4677734375	4.8828125	
1.1442071828993094	4.4677734375	4.82421875	
1.1442071828993094	4.4677734375	4.755859375	
1.1442071828993094	4.462890625	4.70703125	
1.1442071828993094	4.4580078125	4.6484375	
1.1442071828993094	4.4482421875	4.6044921875	
1.1442071828993094	4.4384765625	4.5556640625	
1.1442071828993094	4.423828125	4.5068359375	
1.1442071828993094	4.4091796875	4.4677734375	
1.1442071828993094	4.39453125	4.423828125	
1.1442071828993094	4.375	4.3896484375	
1.1442071828993094	4.35546875	4.35546875	
1.1442071828993094	4.31640625	4.2822265625	
1.1442071828993094	4.296875	4.2578125	
1.1442071828993094	4.27734375	4.228515625	
1.1442071828993094	4.2578125	4.1943359375	
1.1442071828993094	4.2333984375	4.169921875	
1.1442071828993094	4.189453125	4.1259765625	
1.1442071828993094	4.1650390625	4.1162109375	
1.1442071828993094	4.1455078125	4.1015625	
1.1442071828993094	4.1259765625	4.08203125	
1.1442071828993094	4.1015625	4.0625	
1.1442071828993094	4.08203125	4.0478515625	
1.1250558614993642	4.0625	4.033203125	
1.1250558614993642	4.0380859375	4.0185546875	
1.1250558614993642	4.0185546875	3.994140625	
1.1250558614993642	3.9990234375	3.974609375	
1.1250558614993642	3.974609375	3.9599609375	
1.1250558614993642	3.955078125	3.935546875	
1.1250558614993642	3.935546875	3.9306640625	
1.1250558614993642	3.896484375	3.88671875	
1.1250558614993642	3.876953125	3.876953125	
1.1250558614993642	3.857421875	3.8623046875	
1.1250558614993642	3.8232421875	3.8525390625	
1.1250558614993642	3.8037109375	3.8427734375	
1.1250558614993642	3.7744140625	3.8232421875	
1.1250558614993642	3.7548828125	3.818359375	
1.1250558614993642	3.7255859375	3.8037109375	
1.1250558614993642	3.7109375	3.798828125	
1.1250558614993642	3.681640625	3.7890625	
1.1250558614993642	3.61328125	3.759765625	
1.1250558614993642	3.59375	3.75	
1.6942294357816357	3.5791015625	3.84765625	
1.6942294357816357	3.57421875	3.9697265625	
1.6942294357816357	3.583984375	4.091796875	
1.6942294357816357	3.6328125	4.384765625	
1.6942294357816357	3.662109375	4.4873046875	
1.6942294357816357	3.7890625	4.794921875	
1.6942294357816357	3.9404296875	5.048828125	
1.6942294357816357	3.9794921875	5.09765625	
1.6942294357816357	4.0185546875	5.15625	
1.6942294357816357	4.1064453125	5.244140625	
1.6942294357816357	4.1845703125	5.3271484375	
1.6942294357816357	4.423828125	5.5419921875	
1.6942294357816357	4.4970703125	5.60546875	
1.8241215185434938	4.541015625	5.6298828125	
1.8241215185434938	4.6875	5.8251953125	
1.8241215185434938	4.7265625	5.8740234375	
1.8241215185434938	4.7998046875	5.9619140625	
1.8241215185434938	4.833984375	6.0009765625	
1.8241215185434938	4.873046875	6.0400390625	
1.8241215185434938	4.912109375	6.07421875	
1.8241215185434938	4.951171875	6.11328125	
1.8241215185434938	5.0244140625	6.171875	
1.8241215185434938	5.09765625	6.2353515625	
1.8241215185434938	5.13671875	6.2646484375	
1.8241215185434938	5.2001953125	6.318359375	
1.8241215185434938	5.234375	6.34765625	
1.8241215185434938	5.2685546875	6.3671875	
1.8241215185434938	5.2978515625	6.38671875	
1.8241215185434938	5.33203125	6.4111328125	
1.8241215185434938	5.3955078125	6.455078125	
1.8241215185434938	5.4248046875	6.474609375	
1.8241215185434938	5.4541015625	6.494140625	
1.8241215185434938	5.4833984375	6.50390625	
1.8241215185434938	5.5419921875	6.5380859375	
0.6787137744738143	5.56640625	6.552734375	
0.6787137744738143	5.595703125	6.083984375	
0.6787137744738143	5.6005859375	5.8447265625	
0.6787137744738143	5.6005859375	5.60546875	
0.6787137744738143	5.5712890625	5.17578125	
0.6787137744738143	5.5419921875	4.98046875	
0.6787137744738143	5.498046875	4.7998046875	
0.6787137744738143	5.44921875	4.619140625	
0.6787137744738143	5.3271484375	4.287109375	
0.6787137744738143	5.1171875	3.8671875	
0.6787137744738143	4.9560546875	3.6328125	
0.6787137744738143	4.86328125	3.5302734375	
0.6787137744738143	4.775390625	3.4228515625	
0.6787137744738143	4.6875	3.330078125	
0.6787137744738143	4.5947265625	3.2373046875	
0.6787137744738143	4.4970703125	3.154296875	
0.6787137744738143	4.3115234375	2.9931640625	
0.6787137744738143	4.2138671875	2.91015625	
0.6787137744738143	4.0283203125	2.79296875	
0.6787137744738143	3.935546875	2.7392578125	
0.6787137744738143	3.8427734375	2.6806640625	
0.6787137744738143	3.75	2.6318359375	
0.3235279163259511	3.466796875	2.2900390625	
0.3235279163259511	3.359375	2.1728515625	
0.3235279163259511	3.251953125	2.0556640625	
0.3235279163259511	3.14453125	1.962890625	
0.3235279163259511	2.9150390625	1.7724609375	
0.3235279163259511	2.8076171875	1.6943359375	
0.3235279163259511	2.6904296875	1.630859375	
0.3235279163259511	2.5830078125	1.5625	
0.3235279163259511	2.36328125	1.4501953125	
0.3235279163259511	2.1630859375	1.376953125	
0.3235279163259511	2.060546875	1.328125	
0.3235279163259511	1.875	1.2646484375	
0.3235279163259511	1.7919921875	1.2353515625	
0.3235279163259511	1.630859375	1.19140625	
0.3235279163259511	1.5576171875	1.171875	
0.3235279163259511	1.4892578125	1.162109375	
0.3235279163259511	1.42578125	1.1474609375	
0.3235279163259511	1.3623046875	1.1328125	
0.3235279163259511	1.30859375	1.11328125	
0.3235279163259511	1.2060546875	1.0986328125	
1.4136248254575219	1.0888671875	1.07421875	
1.4136248254575219	1.11328125	1.8115234375	
1.4136248254575219	1.1572265625	2.001953125	
1.4136248254575219	1.2109375	2.1826171875	
1.4136248254575219	1.279296875	2.34375	
1.4136248254575219	1.3525390625	2.4951171875	
1.4136248254575219	1.5087890625	2.7734375	
1.4136248254575219	1.5869140625	2.8857421875	
1.4136248254575219	1.669921875	3.0078125	
1.4136248254575219	1.748046875	3.115234375	
1.4136248254575219	1.8310546875	3.212890625	
1.4136248254575219	1.9140625	3.30078125	
1.4136248254575219	1.9921875	3.3837890625	
1.4136248254575219	2.0703125	3.4716796875	
1.4136248254575219	2.2216796875	3.603515625	
1.4136248254575219	2.294921875	3.671875	
1.4136248254575219	2.5	3.837890625	
1.4136248254575219	2.568359375	3.90625	
1.4136248254575219	2.6318359375	3.935546875	
1.4136248254575219	2.7587890625	4.0234375	
1.4136248254575219	2.822265625	4.0771484375	
1.4136248254575219	2.8759765625	4.12109375	
1.4136248254575219	2.9296875	4.140625	
1.3805107868980107	2.98828125	4.169921875	
1.3805107868980107	3.0859375	4.2236328125	
1.3805107868980107	3.134765625	4.23828125	
1.3805107868980107	3.22265625	4.27734375	
1.3805107868980107	3.3056640625	4.31640625	
1.3805107868980107	3.33984375	4.3310546875	
1.3805107868980107	3.4130859375	4.365234375	
1.3805107868980107	3.447265625	4.3798828125	
1.3805107868980107	3.544921875	4.423828125	
1.3805107868980107	3.57421875	4.43359375	
1.3805107868980107	3.5986328125	4.443359375	
1.3805107868980107	3.6279296875	4.462890625	
1.3805107868980107	3.65234375	4.4677734375	
1.3805107868980107	3.6767578125	4.4873046875	
1.3805107868980107	3.701171875	4.4873046875	
1.3805107868980107	3.7255859375	4.5068359375	
1.3805107868980107	3.76953125	4.5263671875	
1.3805107868980107	3.7939453125	4.541015625	
1.3805107868980107	3.8134765625	4.541015625	
1.3805107868980107	3.8525390625	4.55078125	
1.3805107868980107	3.8671875	4.560546875	
0.10971270120230203	3.9013671875	4.5751953125	
0.10971270120230203	3.90625	3.662109375	
0.10971270120230203	3.876953125	3.291015625	
0.10971270120230203	3.6669921875	2.294921875	
0.10971270120230203	3.4326171875	1.7578125	
0.10971270120230203	2.2314453125	0.5859375	
0.10971270120230203	1.8310546875	0.4345703125	
0.10971270120230203	1.630859375	0.380859375	
0.10971270120230203	0.576171875	0.390625	
0.10971270120230203	0.5029296875	0.400390625	
0.10971270120230203	0.3369140625	0.400390625	
0.2845953275360156	0.341796875	0.400390625	
0.2845953275360156	0.37109375	0.4833984375	
0.2845953275360156	0.3564453125	0.458984375	
0.2845953275360156	0.390625	0.478515625	
0.2845953275360156	0.3662109375	0.46875	
0.2845953275360156	0.4541015625	0.458984375	
0.2845953275360156	0.3662109375	0.4833984375	
0.2845953275360156	0.3759765625	0.4931640625	
0.2845953275360156	0.37109375	0.478515625	
0.2845953275360156	0.3759765625	0.4833984375	
0.2845953275360156	0.3662109375	0.4931640625	
0.2845953275360156	0.361328125	0.6640625	
0.2845953275360156	0.37109375	0.693359375	
0.2845953275360156	0.4052734375	0.751953125	
0.2845953275360156	0.4345703125	0.7763671875	
0.2845953275360156	0.4296875	0.80078125	
0.2845953275360156	0.4638671875	0.8203125	
0.2845953275360156	0.48828125	0.830078125	
0.2845953275360156	0.5029296875	0.849609375	
0.2845953275360156	0.5224609375	0.8544921875	
0.2845953275360156	0.537109375	0.8642578125	
0.7233896012625696	0.5615234375	0.99609375	
0.7233896012625696	0.5859375	1.103515625	
0.7233896012625696	0.625	1.19140625	
0.7233896012625696	0.6640625	1.279296875	
0.7233896012625696	0.751953125	1.42578125	
0.7233896012625696	0.7958984375	1.474609375	
0.7233896012625696	0.8447265625	1.533203125	
0.7233896012625696	0.888671875	1.5771484375	
0.7233896012625696	0.9423828125	1.6259765625	
0.7233896012625696	1.0205078125	1.689453125	
0.7233896012625696	1.0595703125	1.71875	
0.7233896012625696	1.171875	1.796875	
0.7233896012625696	1.2353515625	1.8310546875	
0.7233896012625696	1.26953125	1.845703125	
0.7233896012625696	1.3525390625	1.8896484375	
0.7233896012625696	1.376953125	1.904296875	
0.7233896012625696	1.4013671875	1.9189453125	
0.7233896012625696	1.416015625	1.923828125	
0.7233896012625696	1.4404296875	1.93359375	
0.7329627374040497	1.5087890625	1.97265625	
0.7329627374040497	1.5283203125	1.9775390625	
0.7329627374040497	1.54296875	1.982421875	
0.7329627374040497	1.5576171875	1.9921875	
0.7329627374040497	1.5673828125	2.001953125	
0.7329627374040497	1.5966796875	2.0068359375	
0.7329627374040497	1.6015625	2.0166015625	
0.7329627374040497	1.611328125	2.01171875	
0.7329627374040497	1.6748046875	2.03125	
0.7329627374040497	1.6796875	2.03125	
0.7329627374040497	1.689453125	2.0361328125	
0.7329627374040497	1.6943359375	2.03125	
0.7329627374040497	1.708984375	2.0361328125	
0.7329627374040497	1.71875	2.041015625	
0.7329627374040497	1.7236328125	2.041015625	
0.7329627374040497	1.728515625	2.041015625	
0.7329627374040497	1.7333984375	2.041015625	
0.7329627374040497	1.7333984375	2.041015625	
0.7329627374040497	1.73828125	2.041015625	
0.7329627374040497	1.7431640625	2.041015625	
0.40961737647125807	1.748046875	1.9482421875	
0.40961737647125807	1.71875	1.7236328125	
0.40961737647125807	1.69921875	1.66015625	
0.40961737647125807	1.6748046875	1.611328125	
0.40961737647125807	1.611328125	1.513671875	
0.40961737647125807	1.5771484375	1.474609375	
0.40961737647125807	1.54296875	1.435546875	
0.40961737647125807	1.50390625	1.4013671875	
0.40961737647125807	1.4697265625	1.3671875	
0.40961737647125807	1.4306640625	1.34765625	
0.40961737647125807	1.396484375	1.318359375	
0.40961737647125807	1.357421875	1.2939453125	
0.40961737647125807	1.2890625	1.2548828125	
0.40961737647125807	1.259765625	1.2451171875	
0.40961737647125807	1.2255859375	1.23046875	
0.40961737647125807	1.171875	1.2060546875	
0.40961737647125807	1.1474609375	1.201171875	
0.40961737647125807	1.123046875	1.1865234375	
0.40961737647125807	1.0986328125	1.181640625	
0.40961737647125807	1.0791015625	1.171875	
0.40961737647125807	1.0400390625	1.162109375	
0.40961737647125807	1.025390625	1.1572265625	
0.40961737647125807	1.005859375	1.1572265625	
0.07054902088626291	0.9716796875	0.859375	
0.07054902088626291	0.9326171875	0.712890625	
0.07054902088626291	0.8740234375	0.5615234375	
0.07054902088626291	0.7275390625	0.380859375	
0.07054902088626291	0.6298828125	0.400390625	
0.07054902088626291	0.37109375	0.3955078125	
0.07054902088626291	0.380859375	0.3564453125	
0.07054902088626291	0.341796875	0.3662109375	
0.07054902088626291	0.3466796875	0.400390625	
0.07054902088626291	0.3466796875	0.3857421875	
0.07054902088626291	0.3369140625	0.3857421875	
0.07054902088626291	0.3662109375	0.380859375	
0.07054902088626291	0.3369140625	0.380859375	
0.07054902088626291	0.341796875	0.3955078125	
0.07054902088626291	0.3369140625	0.390625	
0.07054902088626291	0.341796875	0.37109375	
0.07054902088626291	0.361328125	0.380859375	
1.6797534795979432	0.3466796875	0.888671875	
1.6797534795979432	0.44921875	1.201171875	
1.6797534795979432	0.537109375	1.669921875	
1.6797534795979432	0.703125	2.0849609375	
1.6797534795979432	0.7958984375	2.294921875	
1.6797534795979432	0.888671875	2.4853515625	
1.6797534795979432	0.99609375	2.67578125	
1.6797534795979432	1.11328125	2.8466796875	
1.6797534795979432	1.2255859375	3.0126953125	
1.6797534795979432	1.396484375	3.30078125	
1.6797534795979432	1.5087890625	3.41796875	
1.6797534795979432	1.62109375	3.5400390625	
1.6797534795979432	1.728515625	3.65234375	
1.6797534795979432	1.8359375	3.759765625	
1.6797534795979432	1.9384765625	3.8623046875	
1.6797534795979432	2.236328125	4.1162109375	
1.6797534795979432	2.3291015625	4.19921875	
1.6797534795979432	2.421875	4.27734375	
1.6797534795979432	2.509765625	4.35546875	
1.6797534795979432	2.59765625	4.43359375	
1.6797534795979432	2.685546875	4.51171875	
1.6797534795979432	2.7734375	4.5751953125	
1.6797534795979432	2.8564453125	4.6240234375	
2.3953493886265296	3.0224609375	4.7265625	
2.3953493886265296	3.10546875	4.8974609375	
2.3953493886265296	3.3935546875	5.517578125	
2.3953493886265296	3.6083984375	5.8740234375	
2.3953493886265296	3.828125	6.2109375	
2.3953493886265296	3.935546875	6.3671875	
2.3953493886265296	4.0478515625	6.5234375	
2.3953493886265296	4.16015625	6.66015625	
2.3953493886265296	4.716796875	7.2802734375	
2.3953493886265296	4.8193359375	7.392578125	
2.3953493886265296	5.2294921875	7.79296875	
2.3953493886265296	5.341796875	7.87109375	
2.3953493886265296	5.4443359375	7.958984375	
2.3953493886265296	5.52734375	8.046875	
2.3953493886265296	5.6298828125	8.1298828125	
2.3953493886265296	5.7275390625	8.212890625	
2.3953493886265296	5.830078125	8.291015625	
1.3422037711369805	6.0888671875	8.4814453125	
1.3422037711369805	6.181640625	8.41796875	
1.3422037711369805	6.2451171875	8.2861328125	
1.3422037711369805	6.298828125	8.154296875	
1.3422037711369805	6.3525390625	7.998046875	
1.3422037711369805	6.3916015625	7.841796875	
1.3422037711369805	6.42578125	7.685546875	
1.3422037711369805	6.455078125	7.5341796875	
1.3422037711369805	6.4892578125	7.24609375	
1.3422037711369805	6.494140625	6.97265625	
1.3422037711369805	6.494140625	6.728515625	
1.3422037711369805	6.4990234375	6.6162109375	
1.3422037711369805	6.494140625	6.513671875	
1.3422037711369805	6.494140625	6.40625	
1.3422037711369805	6.4794921875	6.2109375	
1.3422037711369805	6.4599609375	6.11328125	
1.3422037711369805	6.435546875	6.03515625	
1.3422037711369805	6.3720703125	5.87890625	
1.3422037711369805	6.337890625	5.8056640625	
1.3422037711369805	6.298828125	5.7373046875	
1.3422037711369805	6.2060546875	5.6103515625	
1.3422037711369805	6.162109375	5.5517578125	
1.3422037711369805	6.07421875	5.439453125	
2.3850554310180954	6.025390625	5.3857421875	
2.3850554310180954	5.9814453125	5.5615234375	
2.3850554310180954	5.947265625	5.76171875	
2.3850554310180954	5.9228515625	5.9521484375	
2.3850554310180954	5.9130859375	6.142578125	
2.3850554310180954	5.908203125	6.3134765625	
2.3850554310180954	5.9033203125	6.46484375	
2.3850554310180954	5.9228515625	6.7431640625	
2.3850554310180954	5.9423828125	6.8701171875	
2.3850554310180954	5.966796875	6.9873046875	
2.3850554310180954	6.0009765625	7.0947265625	
2.3850554310180954	6.0595703125	7.294921875	
2.3850554310180954	6.0888671875	7.3876953125	
2.3850554310180954	6.15234375	7.55859375	
2.3850554310180954	6.2158203125	7.75390625	
2.3850554310180954	6.318359375	7.9345703125	
2.3850554310180954	6.3623046875	8.017578125	
2.3850554310180954	6.484375	8.1787109375	
2.3850554310180954	6.5087890625	8.2568359375	
2.3850554310180954	6.572265625	8.3349609375	
2.3850554310180954	6.69921875	8.486328125	
2.3850554310180954	6.7626953125	8.5302734375	
2.3850554310180954	6.826171875	8.59375	
0.7005626935255532	6.8994140625	8.6572265625	
0.7005626935255532	6.943359375	8.45703125	
0.7005626935255532	7.01171875	8.1982421875	
0.7005626935255532	7.05078125	7.607421875	
0.7005626935255532	7.05078125	7.2998046875	
0.7005626935255532	7.041015625	7.001953125	
0.7005626935255532	6.9580078125	5.9521484375	
0.7005626935255532	6.9189453125	5.7275390625	
0.7005626935255532	6.865234375	5.5029296875	
0.7005626935255532	6.796875	5.2880859375	
0.7005626935255532	6.7236328125	5.107421875	
0.7005626935255532	6.4501953125	4.5654296875	
0.7005626935255532	6.2451171875	4.248046875	
0.7005626935255532	6.1376953125	4.111328125	
0.7005626935255532	5.80078125	3.73046875	
0.7005626935255532	5.68359375	3.61328125	
0.7005626935255532	5.56640625	3.505859375	
0.7005626935255532	5.3271484375	3.2958984375	
0.7005626935255532	5.205078125	3.2080078125	
0.7005626935255532	5.068359375	3.1494140625	
0.7394916406401295	4.814453125	2.998046875	
0.7394916406401295	4.6923828125	2.939453125	
0.7394916406401295	4.5654296875	2.8955078125	
0.7394916406401295	4.326171875	2.7978515625	
0.7394916406401295	4.2138671875	2.763671875	
0.7394916406401295	4.1064453125	2.7197265625	
0.7394916406401295	4.00390625	2.685546875	
0.7394916406401295	3.80859375	2.6123046875	
0.7394916406401295	3.7158203125	2.587890625	
0.7394916406401295	3.623046875	2.5634765625	
0.7394916406401295	3.5400390625	2.5341796875	
0.7394916406401295	3.45703125	2.509765625	
0.7394916406401295	3.2958984375	2.4658203125	
0.7394916406401295	3.22265625	2.4462890625	
0.7394916406401295	3.154296875	2.431640625	
0.7394916406401295	3.0859375	2.4169921875	
0.7394916406401295	3.017578125	2.40234375	
0.7394916406401295	2.900390625	2.373046875	
0.7394916406401295	2.7490234375	2.34375	
0.7394916406401295	2.7001953125	2.333984375	
0.7394916406401295	2.6123046875	2.314453125	
0.7394916406401295	2.5732421875	2.3046875	
1.217161759758129	2.4755859375	2.529296875	
1.217161759758129	2.4609375	2.6220703125	
1.217161759758129	2.4560546875	2.705078125	
1.217161759758129	2.4560546875	2.79296875	
1.217161759758129	2.4609375	2.87109375	
1.217161759758129	2.470703125	2.939453125	
1.217161759758129	2.4853515625	3.0126953125	
1.217161759758129	2.59765625	3.26171875	
1.217161759758129	2.626953125	3.310546875	
1.217161759758129	2.6513671875	3.349609375	
1.217161759758129	2.6806640625	3.37890625	
1.217161759758129	2.7099609375	3.4228515625	
1.217161759758129	2.744140625	3.45703125	
1.217161759758129	2.783203125	3.4912109375	
1.217161759758129	2.8125	3.5205078125	
1.217161759758129	2.83203125	3.5546875	
1.217161759758129	2.8564453125	3.5791015625	
1.217161759758129	2.9150390625	3.623046875	
1.217161759758129	2.96875	3.671875	
1.217161759758129	3.017578125	3.701171875	
1.217161759758129	3.0419921875	3.720703125	
0.20034632021267607	3.0615234375	3.75	
0.20034632021267607	3.0810546875	3.33984375	
0.20034632021267607	3.0224609375	2.48046875	
0.20034632021267607	2.9638671875	2.177734375	
0.20034632021267607	2.8076171875	1.7724609375	
0.20034632021267607	2.705078125	1.572265625	
0.20034632021267607	2.5927734375	1.435546875	
0.20034632021267607	2.4755859375	1.26953125	
0.20034632021267607	2.3583984375	1.1279296875	
0.20034632021267607	2.2265625	0.9765625	
0.20034632021267607	2.08984375	0.8837890625	
0.20034632021267607	1.9482421875	0.8203125	
0.20034632021267607	1.66015625	0.68359375	
0.20034632021267607	1.513671875	0.6201171875	
0.20034632021267607	1.3720703125	0.5517578125	
0.20034632021267607	1.2353515625	0.517578125	
0.20034632021267607	1.1181640625	0.5322265625	
0.20034632021267607	0.99609375	0.4833984375	
0.20034632021267607	0.8935546875	0.48828125	
0.20034632021267607	0.634765625	0.4638671875	
0.20034632021267607	0.576171875	0.44921875	
0.20034632021267607	0.5224609375	0.4541015625	
0.20034632021267607	0.498046875	0.4150390625	
0.20034632021267607	0.478515625	0.4345703125	
1.9301108582254696	0.419921875	0.99609375	
1.9301108582254696	0.48828125	1.396484375	
1.9301108582254696	0.8349609375	2.3681640625	
1.9301108582254696	0.9619140625	2.626953125	
1.9301108582254696	1.0888671875	2.880859375	
1.9301108582254696	1.220703125	3.125	
1.9301108582254696	1.3623046875	3.3447265625	
1.9301108582254696	1.4990234375	3.544921875	
1.9301108582254696	1.767578125	3.9208984375	
1.9301108582254696	1.9091796875	4.0966796875	
1.9301108582254696	2.1484375	4.4091796875	
1.9301108582254696	2.3779296875	4.697265625	
1.9301108582254696	2.490234375	4.8291015625	
1.9301108582254696	2.8125	5.15625	
1.9301108582254696	2.900390625	5.263671875	
1.9301108582254696	2.98828125	5.361328125	
1.9301108582254696	3.0810546875	5.4443359375	
1.9301108582254696	3.18359375	5.5419921875	
1.9301108582254696	3.291015625	5.6201171875	
1.9301108582254696	3.388671875	5.693359375	
1.9301108582254696	3.486328125	5.7666015625	
1.9301108582254696	3.5888671875	5.830078125	
2.3462273958960913	3.6767578125	5.888671875	
2.3462273958960913	3.7646484375	5.9912109375	
2.3462273958960913	3.974609375	6.2548828125	
2.3462273958960913	4.0771484375	6.396484375	
2.3462273958960913	4.365234375	6.8017578125	
2.3462273958960913	4.5703125	7.0361328125	
2.3462273958960913	4.66796875	7.1533203125	
2.3462273958960913	5.0634765625	7.55859375	
2.3462273958960913	5.15625	7.646484375	
2.3462273958960913	5.3662109375	7.8271484375	
2.3462273958960913	5.4638671875	7.900390625	
2.3462273958960913	5.546875	7.9833984375	
2.3462273958960913	5.6494140625	8.0615234375	
2.3462273958960913	5.7373046875	8.14453125	
2.3462273958960913	5.830078125	8.2275390625	
2.3462273958960913	5.91796875	8.291015625	
2.3462273958960913	6.34765625	8.5986328125	
1.521123086970241	6.513671875	8.69140625	
1.521123086970241	6.640625	8.53515625	
1.521123086970241	6.69921875	8.427734375	
1.521123086970241	6.7431640625	8.310546875	
1.521123086970241	6.8017578125	8.203125	
1.521123086970241	6.845703125	8.095703125	
1.521123086970241	6.8896484375	7.880859375	
1.521123086970241	6.904296875	7.7783203125	
1.521123086970241	6.9189453125	7.67578125	
1.521123086970241	6.9287109375	7.5830078125	
1.521123086970241	6.93359375	7.4853515625	
1.521123086970241	6.9384765625	7.392578125	
1.521123086970241	6.9287109375	7.216796875	
1.521123086970241	6.923828125	7.060546875	
1.521123086970241	6.9189453125	6.9873046875	
1.521123086970241	6.9140625	6.9140625	
1.521123086970241	6.904296875	6.845703125	
1.521123086970241	6.8896484375	6.787109375	
1.521123086970241	6.8603515625	6.6650390625	
1.521123086970241	6.8408203125	6.6064453125	
1.521123086970241	6.826171875	6.552734375	
1.521123086970241	6.8017578125	6.50390625	
1.521123086970241	6.767578125	6.4501953125	
1.521123086970241	6.708984375	6.3623046875	
2.065362280465034	6.6796875	6.318359375	
2.065362280465034	6.650390625	6.3916015625	
2.065362280465034	6.6259765625	6.474609375	
2.065362280465034	6.6064453125	6.5576171875	
2.065362280465034	6.591796875	6.630859375	
2.065362280465034	6.572265625	6.7041015625	
2.065362280465034	6.552734375	6.8359375	
2.065362280465034	6.5478515625	6.89453125	
2.065362280465034	6.5478515625	6.953125	
2.065362280465034	6.5625	7.0556640625	
2.065362280465034	6.572265625	7.1533203125	
2.065362280465034	6.5771484375	7.1923828125	
2.065362280465034	6.6015625	7.275390625	
2.065362280465034	6.6064453125	7.3095703125	
2.065362280465034	6.62109375	7.3486328125	
2.065362280465034	6.630859375	7.3828125	
2.065362280465034	6.6455078125	7.421875	
2.065362280465034	6.6552734375	7.451171875	
2.065362280465034	6.6650390625	7.4853515625	
2.065362280465034	6.6650390625	7.5146484375	
2.065362280465034	6.6796875	7.5390625	
2.065362280465034	6.6943359375	7.5634765625	
2.065362280465034	6.7138671875	7.5927734375	
2.065362280465034	6.728515625	7.6123046875	
2.065362280465034	6.7529296875	7.63671875	
0.035413260086561094	6.7919921875	7.685546875	
0.035413260086561094	6.796875	6.552734375	
0.035413260086561094	6.650390625	4.47265625	
0.035413260086561094	6.552734375	4.0234375	
0.035413260086561094	6.2548828125	3.193359375	
0.035413260086561094	5.9033203125	2.4609375	
0.035413260086561094	5.6982421875	2.12890625	
0.035413260086561094	4.9658203125	1.318359375	
0.035413260086561094	4.697265625	1.1181640625	
0.035413260086561094	4.4091796875	0.927734375	
0.035413260086561094	3.8232421875	0.6298828125	
0.035413260086561094	2.8857421875	0.41015625	
0.035413260086561094	2.5146484375	0.400390625	
0.035413260086561094	2.158203125	0.4052734375	
0.035413260086561094	1.826171875	0.4052734375	
0.035413260086561094	1.5234375	0.3955078125	
0.035413260086561094	1.337890625	0.4150390625	
0.035413260086561094	1.103515625	0.400390625	
0.035413260086561094	0.869140625	0.4052734375	
0.8624611553160516	0.673828125	0.41015625	
0.8624611553160516	0.6103515625	0.810546875	
0.8624611553160516	0.6201171875	0.9912109375	
0.8624611553160516	0.6982421875	1.2939453125	
0.8624611553160516	0.7421875	1.4306640625	
0.8624611553160516	0.8984375	1.7236328125	
0.8624611553160516	1.03515625	1.875	
0.8624611553160516	1.162109375	1.9970703125	
0.8624611553160516	1.2109375	2.041015625	
0.8624611553160516	1.26953125	2.099609375	
0.8624611553160516	1.328125	2.138671875	
0.8624611553160516	1.38671875	2.177734375	
0.8624611553160516	1.4697265625	2.255859375	
0.8624611553160516	1.5234375	2.2900390625	
0.8624611553160516	1.6650390625	2.421875	
0.8624611553160516	1.7041015625	2.451171875	
0.8624611553160516	1.73828125	2.4560546875	
0.8624611553160516	1.7724609375	2.5	
0.8624611553160516	1.806640625	2.5	
0.8624611553160516	1.8359375	2.5244140625	
0.8624611553160516	1.865234375	2.548828125	
1.7705327933200785	1.89453125	2.5439453125	
1.7705327933200785	1.9287109375	2.7490234375	
1.7705327933200785	1.9775390625	2.9638671875	
1.7705327933200785	2.0361328125	3.1591796875	
1.7705327933200785	2.109375	3.349609375	
1.7705327933200785	2.1875	3.5009765625	
1.7705327933200785	2.255859375	3.6669921875	
1.7705327933200785	2.4169921875	3.9599609375	
1.7705327933200785	2.5048828125	4.0869140625	
1.7705327933200785	2.587890625	4.208984375	
1.7705327933200785	2.7587890625	4.4384765625	
1.7705327933200785	2.8369140625	4.541015625	
1.7705327933200785	2.9150390625	4.6484375	
1.7705327933200785	3.1591796875	4.912109375	
1.7705327933200785	3.2421875	4.990234375	
1.7705327933200785	3.3203125	5.0732421875	
1.7705327933200785	3.3984375	5.13671875	
1.7705327933200785	3.4814453125	5.205078125	
1.7705327933200785	3.6279296875	5.3369140625	
1.7705327933200785	3.701171875	5.3955078125	
1.7705327933200785	3.76953125	5.4541015625	
1.7705327933200785	3.90625	5.56640625	
2.335782474778309	4.16015625	5.8447265625	
2.335782474778309	4.2333984375	6.005859375	
2.335782474778309	4.306640625	6.162109375	
2.335782474778309	4.384765625	6.318359375	
2.335782474778309	4.462890625	6.455078125	
2.335782474778309	4.5458984375	6.591796875	
2.335782474778309	4.6240234375	6.71875	
2.335782474778309	4.716796875	6.8359375	
2.335782474778309	4.7900390625	6.943359375	
2.335782474778309	4.9609375	7.1484375	
2.335782474778309	5.029296875	7.236328125	
2.335782474778309	5.107421875	7.3193359375	
2.335782474778309	5.1806640625	7.412109375	
2.335782474778309	5.6591796875	7.91015625	
2.335782474778309	5.7421875	7.98828125	
2.335782474778309	5.8349609375	8.06640625	
2.335782474778309	5.91796875	8.1396484375	
2.335782474778309	6.07421875	8.28125	
2.335782474778309	6.23046875	8.427734375	
2.335782474778309	6.3232421875	8.4716796875	
2.1548337700509466	6.4697265625	8.583984375	
2.1548337700509466	6.552734375	8.603515625	
2.1548337700509466	6.8994140625	8.6328125	
2.1548337700509466	6.9384765625	8.642578125	
2.1548337700509466	7.0068359375	8.65234375	
2.1548337700509466	7.0556640625	8.65234375	
2.1548337700509466	7.177734375	8.662109375	
2.1548337700509466	7.3095703125	8.681640625	
2.1548337700509466	7.353515625	8.681640625	
2.1548337700509466	7.431640625	8.681640625	
2.1548337700509466	7.4853515625	8.701171875	
2.1548337700509466	7.5146484375	8.6962890625	
2.1548337700509466	7.5439453125	8.701171875	
2.1548337700509466	7.6025390625	8.7060546875	
2.1548337700509466	7.6513671875	8.7109375	
2.1548337700509466	7.666015625	8.7109375	
2.1548337700509466	7.67578125	8.7158203125	
2.1548337700509466	7.705078125	8.7158203125	
2.143992532566715	7.7197265625	8.720703125	
2.143992532566715	7.7294921875	8.73046875	
2.143992532566715	7.7490234375	8.7255859375	
2.143992532566715	7.7685546875	8.7255859375	
2.143992532566715	7.7978515625	8.7255859375	
2.143992532566715	7.8125	8.7255859375	
2.143992532566715	7.8369140625	8.7255859375	
2.143992532566715	7.8564453125	8.7255859375	
2.143992532566715	7.87109375	8.7255859375	
2.143992532566715	7.9296875	8.73046875	
2.143992532566715	7.9443359375	8.73046875	
2.143992532566715	7.958984375	8.7255859375	
2.143992532566715	7.9833984375	8.7255859375	
2.143992532566715	7.9931640625	8.7255859375	
2.143992532566715	8.0078125	8.73046875	
2.143992532566715	8.02734375	8.73046875	
2.143992532566715	8.037109375	8.73046875	
2.143992532566715	8.046875	8.73046875	
2.143992532566715	8.056640625	8.73046875	
2.143992532566715	8.0859375	8.7353515625	
2.143992532566715	8.095703125	8.7353515625	
2.143992532566715	8.10546875	8.73046875	
0.5666964499581193	8.1201171875	8.525390625	
0.5666964499581193	8.125	8.232421875	
0.5666964499581193	8.1298828125	7.529296875	
0.5666964499581193	8.1298828125	7.1923828125	
0.5666964499581193	8.1201171875	6.8798828125	
0.5666964499581193	8.10546875	6.5625	
0.5666964499581193	8.0859375	6.26953125	
0.5666964499581193	8.0126953125	5.986328125	
0.5666964499581193	7.9150390625	5.72265625	
0.5666964499581193	7.705078125	5.234375	
0.5666964499581193	7.392578125	4.7998046875	
0.5666964499581193	7.2900390625	4.599609375	
0.5666964499581193	7.177734375	4.3994140625	
0.5666964499581193	7.041015625	4.2138671875	
0.5666964499581193	6.73828125	3.876953125	
0.5666964499581193	6.58203125	3.7255859375	
0.5666964499581193	6.26953125	3.45703125	
0.5666964499581193	6.11328125	3.3349609375	
0.5666964499581193	5.947265625	3.22265625	
0.5666964499581193	5.791015625	3.1201171875	
0.5666964499581193	5.1318359375	2.7490234375	
1.0016051064220268	4.98046875	2.67578125	
1.0016051064220268	4.8291015625	2.724609375	
1.0016051064220268	4.6826171875	2.8076171875	
1.0016051064220268	4.4091796875	2.87109375	
1.0016051064220268	4.1845703125	2.9248046875	
1.0016051064220268	4.0869140625	2.958984375	
1.0016051064220268	3.994140625	3.017578125	
1.0016051064220268	3.916015625	3.0029296875	
1.0016051064220268	3.837890625	3.037109375	
1.0016051064220268	3.7646484375	3.06640625	
1.0016051064220268	3.69140625	3.1005859375	
1.0016051064220268	3.623046875	3.095703125	
1.0016051064220268	3.564453125	3.10546875	
1.0016051064220268	3.5107421875	3.154296875	
1.0016051064220268	3.4619140625	3.1591796875	
1.0016051064220268	3.4228515625	3.1689453125	
1.0016051064220268	3.291015625	3.22265625	
1.0016051064220268	3.212890625	3.232421875	
1.0016051064220268	3.1982421875	3.251953125	
1.0016051064220268	3.1591796875	3.271484375	
1.0016051064220268	3.1396484375	3.271484375	
0.7549673410359777	3.115234375	3.291015625	
0.7549673410359777	3.0908203125	3.1298828125	
0.7549673410359777	3.0615234375	3.0078125	
0.7549673410359777	3.0322265625	2.958984375	
0.7549673410359777	3.0126953125	2.9150390625	
0.7549673410359777	2.96875	2.841796875	
0.7549673410359777	2.939453125	2.8076171875	
0.7549673410359777	2.91015625	2.7783203125	
0.7549673410359777	2.8759765625	2.7490234375	
0.7549673410359777	2.8515625	2.7197265625	
0.7549673410359777	2.8271484375	2.6904296875	
0.7549673410359777	2.7734375	2.6318359375	
0.7549673410359777	2.744140625	2.6171875	
0.7549673410359777	2.7197265625	2.59765625	
0.7549673410359777	2.7001953125	2.578125	
0.7549673410359777	2.6123046875	2.5244140625	
0.7549673410359777	2.5830078125	2.5146484375	
0.7549673410359777	2.5634765625	2.5	
0.7549673410359777	2.5390625	2.490234375	
0.7549673410359777	2.51953125	2.4755859375	
0.7549673410359777	2.4951171875	2.4609375	
0.07887956680523	2.421875	2.4267578125	
0.07887956680523	2.34375	1.7724609375	
0.07887956680523	2.20703125	1.30859375	
0.07887956680523	2.1044921875	1.103515625	
0.07887956680523	2.001953125	0.9375	
0.07887956680523	1.7236328125	0.673828125	
0.07887956680523	1.2841796875	0.4296875	
0.07887956680523	1.1279296875	0.4345703125	
0.07887956680523	0.9765625	0.44921875	
0.07887956680523	0.7861328125	0.4443359375	
0.07887956680523	0.615234375	0.4248046875	
0.07887956680523	0.546875	0.4248046875	
0.07887956680523	0.400390625	0.419921875	
0.07887956680523	0.361328125	0.419921875	
0.07887956680523	0.3662109375	0.44921875	
0.07887956680523	0.3759765625	0.4150390625	
0.07887956680523	0.361328125	0.4052734375	
0.07887956680523	0.3662109375	0.41015625	
1.0791734444398593	0.4736328125	1.07421875	
1.0791734444398593	0.5859375	1.279296875	
1.0791734444398593	0.595703125	1.455078125	
1.0791734444398593	0.7763671875	1.7626953125	
1.0791734444398593	0.8642578125	1.8896484375	
1.0791734444398593	0.966796875	2.001953125	
1.0791734444398593	1.0400390625	2.119140625	
1.0791734444398593	1.123046875	2.2216796875	
1.0791734444398593	1.2744140625	2.3876953125	
1.0791734444398593	1.42578125	2.5439453125	
1.0791734444398593	1.4990234375	2.6220703125	
1.0791734444398593	1.5673828125	2.67578125	
1.0791734444398593	1.62109375	2.744140625	
1.0791734444398593	1.6845703125	2.8076171875	
1.0791734444398593	1.748046875	2.8515625	
1.0791734444398593	1.8115234375	2.8955078125	
1.0791734444398593	1.8701171875	2.939453125	
1.0791734444398593	2.0458984375	3.046875	
1.0791734444398593	2.08984375	3.076171875	
1.0791734444398593	2.2705078125	3.193359375	
1.8652724358769426	2.3486328125	3.3447265625	
1.8652724358769426	2.40234375	3.53515625	
1.8652724358769426	2.4609375	3.7158203125	
1.8652724358769426	2.529296875	3.8916015625	
1.8652724358769426	2.59765625	4.0478515625	
1.8652724358769426	2.6708984375	4.19921875	
1.8652724358769426	2.7490234375	4.345703125	
1.8652724358769426	2.8271484375	4.482421875	
1.8652724358769426	2.9833984375	4.736328125	
1.8652724358769426	3.0712890625	4.8583984375	
1.8652724358769426	3.154296875	4.9560546875	
1.8652724358769426	3.2275390625	5.05859375	
1.8652724358769426	3.310546875	5.1513671875	
1.8652724358769426	3.45703125	5.33203125	
1.8652724358769426	3.798828125	5.712890625	
1.8652724358769426	3.8720703125	5.7763671875	
1.8652724358769426	3.9404296875	5.8447265625	
1.8652724358769426	4.0185546875	5.9033203125	
1.8652724358769426	4.0966796875	5.95703125	
1.8652724358769426	4.169921875	6.015625	
1.8652724358769426	4.23828125	6.064453125	
1.8652724358769426	4.3115234375	6.123046875	
1.4648410111897796	4.4482421875	6.201171875	
1.4648410111897796	4.66796875	6.0302734375	
1.4648410111897796	4.78515625	5.8984375	
1.4648410111897796	4.814453125	5.859375	
1.4648410111897796	4.8486328125	5.810546875	
1.4648410111897796	4.86328125	5.78125	
1.4648410111897796	4.94140625	5.6591796875	
1.4648410111897796	4.9658203125	5.60546875	
1.4648410111897796	4.9755859375	5.5810546875	
1.4648410111897796	4.9853515625	5.5615234375	
1.4648410111897796	4.9951171875	5.5322265625	
1.4648410111897796	4.9951171875	5.5126953125	
1.4648410111897796	5.009765625	5.478515625	
1.4648410111897796	5.0146484375	5.458984375	
1.4648410111897796	5.0048828125	5.41015625	
1.4648410111897796	4.9951171875	5.380859375	
2.3726241056230903	4.990234375	5.5419921875	
2.3726241056230903	4.9951171875	5.732421875	
2.3726241056230903	5.0	5.9130859375	
2.3726241056230903	5.01953125	6.083984375	
2.3726241056230903	5.087890625	6.38671875	
2.3726241056230903	5.1318359375	6.5234375	
2.3726241056230903	5.17578125	6.650390625	
2.3726241056230903	5.283203125	6.89453125	
2.3726241056230903	5.3466796875	7.001953125	
2.3726241056230903	5.4052734375	7.109375	
2.3726241056230903	5.4638671875	7.2119140625	
2.3726241056230903	5.517578125	7.314453125	
2.3726241056230903	5.5810546875	7.4169921875	
2.3726241056230903	5.64453125	7.5146484375	
2.3726241056230903	5.7958984375	7.7001953125	
2.3726241056230903	5.87890625	7.802734375	
2.3726241056230903	5.9375	7.890625	
2.3726241056230903	6.0107421875	7.96875	
2.3726241056230903	6.083984375	8.056640625	
2.3726241056230903	6.1474609375	8.14453125	
2.3726241056230903	6.2158203125	8.2177734375	
2.3726241056230903	6.3671875	8.369140625	
2.3726241056230903	6.4453125	8.4423828125	
2.3726241056230903	6.5234375	8.5107421875	
2.3726241056230903	6.5771484375	8.57421875	
0.11582934672739453	6.6552734375	8.6279296875	
0.11582934672739453	6.7138671875	8.095703125	
0.11582934672739453	6.7529296875	7.0166015625	
0.11582934672739453	6.728515625	5.48828125	
0.11582934672739453	6.6748046875	4.9951171875	
0.11582934672739453	6.6064453125	4.560546875	
0.11582934672739453	6.50390625	4.140625	
0.11582934672739453	6.38671875	3.76953125	
0.11582934672739453	6.2548828125	3.408203125	
0.11582934672739453	6.1083984375	3.0419921875	
0.11582934672739453	5.5419921875	2.119140625	
0.11582934672739453	5.09765625	1.640625	
0.11582934672739453	4.8486328125	1.4453125	
0.11582934672739453	4.599609375	1.2548828125	
0.11582934672739453	4.0625	0.95703125	
0.11582934672739453	3.5205078125	0.712890625	
0.11582934672739453	2.44140625	0.4296875	
0.11582934672739453	2.1826171875	0.4296875	
2.3649337970466235	1.6943359375	0.419921875	
2.3649337970466235	1.5234375	2.40234375	
2.3649337970466235	1.6796875	3.154296875	
2.3649337970466235	1.787109375	3.4814453125	
2.3649337970466235	2.0263671875	4.08203125	
2.3649337970466235	2.158203125	4.35546875	
2.3649337970466235	2.294921875	4.62890625	
2.3649337970466235	2.4365234375	4.873046875	
2.3649337970466235	2.71484375	5.322265625	
2.3649337970466235	3.1396484375	5.927734375	
2.3649337970466235	3.28125	6.1083984375	
2.3649337970466235	3.427734375	6.2744140625	
2.3649337970466235	3.564453125	6.435546875	
2.3649337970466235	3.701171875	6.58203125	
2.3649337970466235	3.828125	6.728515625	
2.3649337970466235	3.9599609375	6.865234375	
2.3649337970466235	4.091796875	6.982421875	
2.3649337970466235	4.2236328125	7.0947265625	
2.3649337970466235	4.345703125	7.20703125	
2.3649337970466235	4.453125	7.3046875	
2.3649337970466235	4.580078125	7.40234375	
2.3649337970466235	4.6923828125	7.490234375	
1.9086331937537095	4.8046875	7.5732421875	
1.9086331937537095	4.9169921875	7.607421875	
1.9086331937537095	5.0244140625	7.6123046875	
1.9086331937537095	5.1318359375	7.6123046875	
1.9086331937537095	5.224609375	7.6123046875	
1.9086331937537095	5.3955078125	7.59765625	
1.9086331937537095	5.6005859375	7.578125	
1.9086331937537095	5.654296875	7.5732421875	
1.9086331937537095	5.7080078125	7.5634765625	
1.9086331937537095	5.8056640625	7.548828125	
1.9086331937537095	5.91796875	7.5341796875	
1.9086331937537095	5.9521484375	7.5341796875	
1.9086331937537095	6.005859375	7.5244140625	
1.9086331937537095	6.0498046875	7.529296875	
1.9086331937537095	6.0986328125	7.51953125	
1.9086331937537095	6.123046875	7.51953125	
1.9086331937537095	6.240234375	7.509765625	
1.9086331937537095	6.2646484375	7.5048828125	
1.9086331937537095	6.3232421875	7.5	
1.9086331937537095	6.3525390625	7.490234375	
1.9086331937537095	6.3818359375	7.490234375	
1.9086331937537095	6.416015625	7.490234375	
2.1899452364992342	6.4453125	7.4853515625	
2.1899452364992342	6.4697265625	7.51953125	
2.1899452364992342	6.5283203125	7.607421875	
2.1899452364992342	6.5576171875	7.646484375	
2.1899452364992342	6.669921875	7.7587890625	
2.1899452364992342	6.708984375	7.8076171875	
2.1899452364992342	6.73828125	7.861328125	
2.1899452364992342	6.7578125	7.900390625	
2.1899452364992342	6.77734375	7.9443359375	
2.1899452364992342	6.8212890625	7.98828125	
2.1899452364992342	6.8701171875	8.037109375	
2.1899452364992342	6.93359375	8.1103515625	
2.1899452364992342	6.9775390625	8.14453125	
2.1899452364992342	7.01171875	8.1787109375	
2.1899452364992342	7.0556640625	8.212890625	
2.1899452364992342	7.0947265625	8.2470703125	
2.1899452364992342	7.138671875	8.28125	
2.1899452364992342	7.1826171875	8.310546875	
2.1899452364992342	7.2119140625	8.33984375	
2.1899452364992342	7.24609375	8.369140625	
2.1899452364992342	7.265625	8.4033203125	
2.1899452364992342	7.333984375	8.45703125	
2.1899452364992342	7.373046875	8.4716796875	
0.8026895349428917	7.490234375	8.33984375	
0.8026895349428917	7.509765625	8.095703125	
0.8026895349428917	7.51953125	7.59765625	
0.8026895349428917	7.51953125	7.3388671875	
0.8026895349428917	7.5048828125	7.080078125	
0.8026895349428917	7.490234375	6.8310546875	
0.8026895349428917	7.4072265625	6.376953125	
0.8026895349428917	7.353515625	6.142578125	
0.8026895349428917	7.236328125	5.76171875	
0.8026895349428917	7.1728515625	5.5712890625	
0.8026895349428917	7.021484375	5.224609375	
0.8026895349428917	6.9189453125	5.068359375	
0.8026895349428917	6.8115234375	4.912109375	
0.8026895349428917	6.708984375	4.775390625	
0.8026895349428917	6.6064453125	4.638671875	
0.8026895349428917	6.4990234375	4.51171875	
0.8026895349428917	6.38671875	4.3798828125	
0.8026895349428917	6.2744140625	4.27734375	
0.8026895349428917	5.9326171875	3.9599609375	
0.8026895349428917	5.8203125	3.876953125	
0.8026895349428917	5.6982421875	3.7841796875	
0.8026895349428917	5.5859375	3.7109375	
0.8026895349428917	5.46875	3.6376953125	
1.1095713772910245	5.341796875	3.5791015625	
1.1095713772910245	5.2197265625	3.5888671875	
1.1095713772910245	5.1220703125	3.59375	
1.1095713772910245	5.01953125	3.5888671875	
1.1095713772910245	4.9169921875	3.6181640625	
1.1095713772910245	4.82421875	3.6181640625	
1.1095713772910245	4.74609375	3.623046875	
1.1095713772910245	4.51171875	3.6474609375	
1.1095713772910245	4.443359375	3.65234375	
1.1095713772910245	4.3896484375	3.662109375	
1.1095713772910245	4.326171875	3.6572265625	
1.1095713772910245	4.2724609375	3.671875	
1.1095713772910245	4.1748046875	3.662109375	
1.1095713772910245	4.08203125	3.69140625	
1.1095713772910245	4.0185546875	3.681640625	
1.1095713772910245	3.974609375	3.69140625	
1.1095713772910245	3.935546875	3.6962890625	
1.1095713772910245	3.8525390625	3.701171875	
1.1095713772910245	3.8330078125	3.6962890625	
1.1095713772910245	3.779296875	3.701171875	
0.11599980351153705	3.7158203125	3.7060546875	
0.11599980351153705	3.6962890625	3.2275390625	
0.11599980351153705	3.6474609375	2.890625	
0.11599980351153705	3.583984375	2.568359375	
0.11599980351153705	3.388671875	2.001953125	
0.11599980351153705	3.2763671875	1.7578125	
0.11599980351153705	3.1494140625	1.5283203125	
0.11599980351153705	2.998046875	1.3232421875	
0.11599980351153705	2.8515625	1.1474609375	
0.11599980351153705	2.6806640625	0.986328125	
0.11599980351153705	2.5146484375	0.8544921875	
0.11599980351153705	2.3291015625	0.7470703125	
0.11599980351153705	2.1484375	0.625	
0.11599980351153705	1.962890625	0.52734375	
0.11599980351153705	1.7822265625	0.4736328125	
0.11599980351153705	1.5966796875	0.44921875	
0.11599980351153705	1.4111328125	0.419921875	
0.11599980351153705	1.064453125	0.44921875	
0.11599980351153705	0.888671875	0.4541015625	
0.11599980351153705	0.732421875	0.4345703125	
0.11599980351153705	0.64453125	0.439453125	
0.11599980351153705	0.556640625	0.419921875	
0.11599980351153705	0.4541015625	0.4248046875	
0.11599980351153705	0.3857421875	0.4248046875	
0.11599980351153705	0.41015625	0.4248046875	
0.11599980351153705	0.4248046875	0.4248046875	
0.11599980351153705	0.419921875	0.4248046875	
1.1050540094976236	0.3857421875	0.4443359375	
1.1050540094976236	0.37109375	0.830078125	
1.1050540094976236	0.41015625	1.07421875	
1.1050540094976236	0.498046875	1.2890625	
1.1050540094976236	0.80078125	1.7822265625	
1.1050540094976236	0.87890625	1.923828125	
1.1050540094976236	1.1279296875	2.2607421875	
1.1050540094976236	1.2060546875	2.3583984375	
1.1050540094976236	1.2939453125	2.4462890625	
1.1050540094976236	1.3818359375	2.5244140625	
1.1050540094976236	1.5234375	2.6611328125	
1.1050540094976236	1.6064453125	2.734375	
1.1050540094976236	1.669921875	2.79296875	
1.1050540094976236	1.8017578125	2.9150390625	
1.1050540094976236	1.923828125	2.998046875	
1.1050540094976236	1.982421875	3.046875	
1.1050540094976236	2.041015625	3.0859375	
1.1050540094976236	2.099609375	3.1201171875	
1.1050540094976236	2.1435546875	3.1494140625	
1.1050540094976236	2.1826171875	3.173828125	
1.1050540094976236	2.2314453125	3.2080078125	
1.1050540094976236	2.32421875	3.2568359375	
0.48011862004910955	2.3779296875	3.2763671875	
0.48011862004910955	2.4462890625	2.98828125	
0.48011862004910955	2.470703125	2.7392578125	
0.48011862004910955	2.470703125	2.6318359375	
0.48011862004910955	2.4169921875	2.36328125	
0.48011862004910955	2.314453125	2.1533203125	
0.48011862004910955	2.275390625	2.08984375	
0.48011862004910955	2.2412109375	2.03125	
0.48011862004910955	2.20703125	1.9873046875	
0.48011862004910955	2.1630859375	1.9384765625	
0.48011862004910955	2.119140625	1.89453125	
0.48011862004910955	1.9921875	1.7919921875	
0.48011862004910955	1.8798828125	1.7041015625	
0.48011862004910955	1.7919921875	1.6455078125	
0.48011862004910955	1.7529296875	1.630859375	
0.48011862004910955	1.7138671875	1.611328125	
0.48011862004910955	1.6748046875	1.5966796875	
0.48011862004910955	1.6357421875	1.58203125	
0.6946394840515379	1.6015625	1.572265625	
0.6946394840515379	1.5625	1.66015625	
0.6946394840515379	1.5576171875	1.6943359375	
0.6946394840515379	1.5576171875	1.71875	
0.6946394840515379	1.5576171875	1.7822265625	
0.6946394840515379	1.5576171875	1.806640625	
0.6946394840515379	1.552734375	1.826171875	
0.6946394840515379	1.552734375	1.8408203125	
0.6946394840515379	1.552734375	1.8603515625	
0.6946394840515379	1.5625	1.875	
0.6946394840515379	1.5673828125	1.89453125	
0.6946394840515379	1.572265625	1.904296875	
0.6946394840515379	1.58203125	1.9140625	
0.6946394840515379	1.591796875	1.923828125	
0.6946394840515379	1.5966796875	1.93359375	
0.6946394840515379	1.6162109375	1.9482421875	
0.6946394840515379	1.630859375	1.9580078125	
0.6946394840515379	1.6650390625	1.97265625	
0.6946394840515379	1.6748046875	1.982421875	
0.6946394840515379	1.6845703125	1.982421875	
0.6946394840515379	1.6845703125	1.9873046875	
0.6946394840515379	1.689453125	1.9921875	
0.6946394840515379	1.69921875	1.9921875	
1.6682456943874993	1.7822265625	2.6513671875	
1.6682456943874993	1.8310546875	2.8369140625	
1.6682456943874993	1.89453125	3.017578125	
1.6682456943874993	1.962890625	3.1884765625	
1.6682456943874993	2.0361328125	3.330078125	
1.6682456943874993	2.109375	3.4716796875	
1.6682456943874993	2.177734375	3.603515625	
1.6682456943874993	2.2509765625	3.7255859375	
1.6682456943874993	2.333984375	3.837890625	
1.6682456943874993	2.490234375	4.0576171875	
1.6682456943874993	2.5732421875	4.1552734375	
1.6682456943874993	2.6513671875	4.248046875	
1.6682456943874993	2.7294921875	4.345703125	
1.6682456943874993	2.8125	4.423828125	
1.6682456943874993	2.8857421875	4.501953125	
1.6682456943874993	2.9638671875	4.58984375	
1.6682456943874993	3.0322265625	4.658203125	
1.6682456943874993	3.1005859375	4.736328125	
1.6682456943874993	3.1640625	4.7998046875	
1.6682456943874993	3.2275390625	4.8486328125	
1.6682456943874993	3.33984375	4.951171875	
1.6682456943874993	3.4521484375	5.0634765625	
1.6682456943874993	3.505859375	5.107421875	
1.7777305412435447	3.61328125	5.185546875	
1.7777305412435447	3.7255859375	5.3173828125	
1.7777305412435447	3.8330078125	5.4345703125	
1.7777305412435447	3.88671875	5.4931640625	
1.7777305412435447	3.955078125	5.546875	
1.7777305412435447	4.013671875	5.60546875	
1.7777305412435447	4.0673828125	5.64453125	
1.7777305412435447	4.1064453125	5.6884765625	
1.7777305412435447	4.21875	5.7763671875	
1.7777305412435447	4.27734375	5.810546875	
1.7777305412435447	4.3310546875	5.849609375	
1.7777305412435447	4.384765625	5.888671875	
1.7777305412435447	4.4873046875	5.947265625	
1.7777305412435447	4.5458984375	5.9765625	
1.7777305412435447	4.58984375	6.005859375	
1.7777305412435447	4.7021484375	6.0595703125	
1.7777305412435447	4.736328125	6.083984375	
1.7777305412435447	4.814453125	6.1328125	
1.7777305412435447	4.8583984375	6.1572265625	
1.7777305412435447	4.90234375	6.171875	
1.7777305412435447	4.9365234375	6.19140625	
1.7777305412435447	4.9755859375	6.2158203125	
1.7777305412435447	5.009765625	6.240234375	
1.7777305412435447	5.048828125	6.2548828125	
0.6882486609388694	5.0830078125	6.26953125	
0.6882486609388694	5.1123046875	6.0546875	
0.6882486609388694	5.1513671875	5.595703125	
0.6882486609388694	5.15625	5.3564453125	
0.6882486609388694	5.146484375	4.9560546875	
0.6882486609388694	5.126953125	4.609375	
0.6882486609388694	5.078125	4.2724609375	
0.6882486609388694	5.048828125	4.130859375	
0.6882486609388694	5.009765625	3.984375	
0.6882486609388694	4.9365234375	3.8623046875	
0.6882486609388694	4.7900390625	3.6181640625	
0.6882486609388694	4.7119140625	3.505859375	
0.6882486609388694	4.5458984375	3.3056640625	
0.6882486609388694	4.453125	3.22265625	
0.6882486609388694	4.35546875	3.1298828125	
0.6882486609388694	4.1748046875	2.9736328125	
0.6882486609388694	4.0869140625	2.900390625	
0.6882486609388694	3.9990234375	2.841796875	
0.6882486609388694	3.916015625	2.79296875	
0.6882486609388694	3.828125	2.724609375	
0.6882486609388694	3.740234375	2.67578125	
0.6711127541564512	3.49609375	2.5439453125	
0.6711127541564512	3.4130859375	2.5	
0.6711127541564512	3.3349609375	2.4560546875	
0.6711127541564512	3.251953125	2.421875	
0.6711127541564512	3.1787109375	2.392578125	
0.6711127541564512	3.10546875	2.36328125	
0.6711127541564512	3.046875	2.333984375	
0.6711127541564512	2.9638671875	2.3095703125	
0.6711127541564512	2.900390625	2.28515625	
0.6711127541564512	2.841796875	2.2607421875	
0.6711127541564512	2.71484375	2.2216796875	
0.6711127541564512	2.6611328125	2.2021484375	
0.6711127541564512	2.607421875	2.1875	
0.6711127541564512	2.55859375	2.16796875	
0.6711127541564512	2.509765625	2.158203125	
0.6711127541564512	2.4609375	2.1435546875	
0.6711127541564512	2.4169921875	2.12890625	
0.6711127541564512	2.3779296875	2.119140625	
0.6711127541564512	2.2998046875	2.099609375	
0.6711127541564512	2.265625	2.0849609375	
0.6711127541564512	2.2314453125	2.080078125	
0.6711127541564512	2.2021484375	2.0703125	
0.6711127541564512	2.16796875	2.060546875	
0.6711127541564512	2.1435546875	2.060546875	
0.6711127541564512	2.1142578125	2.05078125	
0.6711127541564512	2.08984375	2.0458984375	
0.6401359335952742	2.0263671875	2.03125	
0.6401359335952742	2.001953125	2.021484375	
0.6401359335952742	1.9482421875	1.9970703125	
0.6401359335952742	1.93359375	1.9873046875	
0.6401359335952742	1.9140625	1.9775390625	
