  -1.00000000000000       2.387924965420518E-002
   1.00000000000000       -1.05442488529409     
   1.00000000000000       -1.13501629029289     
  -1.00000000000000       0.431422476299576     
  -1.00000000000000       0.698854813279934     
  -1.00000000000000      -0.868110795705452     
   1.00000000000000       -3.24253392691427     
  -1.00000000000000       -3.69604752946415     
   1.00000000000000       -3.80684432469621     
  -1.00000000000000       -2.75984693773746     
   1.00000000000000       -2.01314311934108     
   1.00000000000000      -0.575657319159766     
   1.00000000000000        2.22682387222299     
   1.00000000000000        5.24637608455748     
  -1.00000000000000        7.86277718822492     
   1.00000000000000        7.75348396920594     
  -1.00000000000000        6.54899137291977     
  -1.00000000000000        3.82884028787806     
   1.00000000000000      -0.266560083302851     
  -1.00000000000000       -2.51269330152464     
   1.00000000000000       -4.08531851195936     
   1.00000000000000       -4.02830869454659     
   1.00000000000000       -1.89283859509282     
  -1.00000000000000        1.44262994846299     
   1.00000000000000        3.00574029631164     
   1.00000000000000        3.97314964565466     
  -1.00000000000000        5.47137648448258     
   1.00000000000000        4.88161837415213     
   1.00000000000000        4.21326203600530     
   1.00000000000000        4.36728620433135     
  -1.00000000000000        5.21602336006097     
   1.00000000000000        4.59095627862861     
  -1.00000000000000        3.87670796143072     
   1.00000000000000        2.15873684762484     
   1.00000000000000        1.04557036876328     
  -1.00000000000000        1.51518710753935     
   1.00000000000000        1.01942732062150     
   1.00000000000000       0.792047256802138     
  -1.00000000000000        2.01637791544681     
  -1.00000000000000        2.03769703330080     
  -1.00000000000000       0.271455997086810     
   1.00000000000000       -2.51910481399972     
  -1.00000000000000       -3.51811671401269     
  -1.00000000000000       -3.95861627791526     
   1.00000000000000       -4.93543549970046     
   1.00000000000000       -4.32587532317396     
  -1.00000000000000       -1.39935914004169     
   1.00000000000000       0.365911800693026     
   1.00000000000000        2.26824947473591     
   1.00000000000000        4.68231806640946     
   1.00000000000000        6.85283157931564     
  -1.00000000000000        8.33305639681263     
  -1.00000000000000        7.40103400788214     
  -1.00000000000000        3.91655789950921     
   1.00000000000000      -0.772215247525819     
   1.00000000000000       -3.54876885729308     
  -1.00000000000000       -3.30205960906209     
  -1.00000000000000       -3.00458970631927     
   1.00000000000000       -3.54482153361026     
  -1.00000000000000       -2.60648003876417     
   1.00000000000000       -1.90406957065484     
  -1.00000000000000      -0.618532010726744     
   1.00000000000000       8.568949626990063E-003
   1.00000000000000       0.965730691871010     
   1.00000000000000        2.82366211468917     
   1.00000000000000        5.13505558824903     
  -1.00000000000000        7.40860732358792     
   1.00000000000000        7.07718142406598     
   1.00000000000000        5.90325622712383     
  -1.00000000000000        5.28731370473504     
   1.00000000000000        3.40546395073783     
  -1.00000000000000        1.83663561264013     
   1.00000000000000      -0.238301697881058     
  -1.00000000000000       -1.26838457444839     
  -1.00000000000000       -2.32847361693868     
   1.00000000000000       -3.99978060188230     
   1.00000000000000       -3.85144064527769     
  -1.00000000000000       -1.47544456143660     
  -1.00000000000000      -2.462469216382157E-003
  -1.00000000000000      -0.528752514966683     
  -1.00000000000000       -2.39420688040683     
  -1.00000000000000       -4.66114799796733     
  -1.00000000000000       -6.91110161293528     
   1.00000000000000       -8.62045244372714     
   1.00000000000000       -7.39513117668220     
   1.00000000000000       -3.38440662011864     
   1.00000000000000        1.55659827712875     
  -1.00000000000000        6.04666673638025     
  -1.00000000000000        7.49985869728575     
   1.00000000000000        5.49084607490967     
   1.00000000000000        3.63111839281678     
  -1.00000000000000        3.13645496071145     
  -1.00000000000000        1.73149420030445     
  -1.00000000000000      -0.942474602439429     
   1.00000000000000       -4.19359493999858     
   1.00000000000000       -5.00058472616153     
  -1.00000000000000       -2.93253104435637     
   1.00000000000000       -1.52592006094799     
  -1.00000000000000       0.246496960052693     
   1.00000000000000        1.14531995263876     
   1.00000000000000        2.19148827566543     
  -1.00000000000000        3.95334819753237     
  -1.00000000000000        3.91412795135160     
  -1.00000000000000        1.64289725690302     
   1.00000000000000       -1.90341017236718     
   1.00000000000000       -3.62210298409038     
  -1.00000000000000       -2.68554628338261     
   1.00000000000000       -1.89000539662903     
  -1.00000000000000      -0.366113569110291     
  -1.00000000000000       0.394333965600499     
  -1.00000000000000      -0.390734608078916     
   1.00000000000000       -2.21851663530117     
  -1.00000000000000       -2.59211196373739     
   1.00000000000000       -2.91225070040528     
   1.00000000000000       -2.10803868492254     
  -1.00000000000000       0.313967085630195     
   1.00000000000000        1.40526343778390     
   1.00000000000000        2.33427233633302     
  -1.00000000000000        4.05341552328121     
  -1.00000000000000        3.80061783358679     
   1.00000000000000        1.30894586520933     
  -1.00000000000000      -0.186802737639470     
  -1.00000000000000       -1.89386539249046     
  -1.00000000000000       -4.23507502792577     
  -1.00000000000000       -6.61655336666076     
  -1.00000000000000       -8.43903436142335     
  -1.00000000000000       -9.47780350843186     
   1.00000000000000       -9.83150815531806     
   1.00000000000000       -7.49048449896102     
   1.00000000000000       -2.80764014044620     
  -1.00000000000000        2.46269733344447     
   1.00000000000000        5.30825621713308     
   1.00000000000000        6.76171645060450     
   1.00000000000000        8.02518199604270     
  -1.00000000000000        8.72474992260173     
   1.00000000000000        6.93450935425470     
   1.00000000000000        4.80745822966416     
  -1.00000000000000        3.93192225232562     
   1.00000000000000        2.04585207949760     
  -1.00000000000000       0.906359027373928     
  -1.00000000000000      -0.390904034905199     
   1.00000000000000       -2.67301230498905     
   1.00000000000000       -3.41395037296313     
   1.00000000000000       -1.64439647830252     
  -1.00000000000000        1.28859070288231     
   1.00000000000000        2.49932148184478     
   1.00000000000000        3.22872480558964     
   1.00000000000000        4.48580292453918     
  -1.00000000000000        5.94411724691073     
   1.00000000000000        5.13162757713240     
   1.00000000000000        4.08009465363231     
  -1.00000000000000        3.88772875907355     
   1.00000000000000        2.28864081953769     
   1.00000000000000        1.17024904334297     
  -1.00000000000000        1.77176581221952     
  -1.00000000000000        1.30170148097865     
   1.00000000000000      -0.856770270255347     
   1.00000000000000       -1.78660744969395     
  -1.00000000000000      -0.595271997789177     
  -1.00000000000000      -0.110469525332800     
   1.00000000000000       -1.20906579888465     
   1.00000000000000       -1.26627672776068     
   1.00000000000000       0.553363703324561     
   1.00000000000000        3.28583797942825     
  -1.00000000000000        6.00422173243403     
   1.00000000000000        6.18611266312076     
  -1.00000000000000        5.70739133864714     
   1.00000000000000        3.62708460621278     
  -1.00000000000000        1.89958611581021     
   1.00000000000000      -0.207032935597263     
  -1.00000000000000       -1.14569302320679     
  -1.00000000000000       -2.08667410963678     
   1.00000000000000       -3.86686702918516     
  -1.00000000000000       -4.06247061896951     
  -1.00000000000000       -3.86999663088254     
   1.00000000000000       -4.42431495549837     
   1.00000000000000       -3.38321665244882     
   1.00000000000000      -0.583781573609039     
   1.00000000000000        3.04269470967100     
   1.00000000000000        6.57763937320139     
  -1.00000000000000        9.32744999837713     
   1.00000000000000        8.92427248548731     
   1.00000000000000        7.28346635560922     
   1.00000000000000        6.28537528268202     
   1.00000000000000        5.84291244458491     
  -1.00000000000000        5.69277245300307     
  -1.00000000000000        4.05196170920992     
   1.00000000000000       0.611579401419778     
  -1.00000000000000       -1.43006165198171     
   1.00000000000000       -2.99783535792807     
   1.00000000000000       -3.06868412639759     
   1.00000000000000      -0.939376684276206     
  -1.00000000000000        2.23628487856094     
   1.00000000000000        3.67230865332997     
   1.00000000000000        4.60503574098788     
   1.00000000000000        5.65562609733755     
   1.00000000000000        6.70513886089714     
  -1.00000000000000        7.58240545595537     
  -1.00000000000000        6.14099309411272     
   1.00000000000000        2.28168873246832     
   1.00000000000000      -0.354860749287609     
  -1.00000000000000      -0.583049442250943     
  -1.00000000000000       -1.16149909528249     
  -1.00000000000000       -2.83725134421164     
   1.00000000000000       -4.89335814414737     
  -1.00000000000000       -4.74835203451584     
  -1.00000000000000       -4.07254043076885     
   1.00000000000000       -4.40536660100916     
   1.00000000000000       -3.38295865978384     
   1.00000000000000      -0.585170840490737     
  -1.00000000000000        3.22067522027627     
  -1.00000000000000        4.77365166186721     
  -1.00000000000000        3.27572107230329     
   1.00000000000000       0.127864762750257     
  -1.00000000000000       -1.73631899084308     
   1.00000000000000       -3.08893094420981     
   1.00000000000000       -2.82980977531699     
  -1.00000000000000      -0.513555557295829     
  -1.00000000000000       0.664545593581841     
  -1.00000000000000      -0.189917212698849     
  -1.00000000000000       -2.23217762310768     
  -1.00000000000000       -4.84926599911796     
   1.00000000000000       -7.17830083577295     
   1.00000000000000       -6.85990677153458     
  -1.00000000000000       -3.76036015923161     
   1.00000000000000       -1.29406927998259     
  -1.00000000000000        1.15142082545498     
  -1.00000000000000        2.16445573746818     
  -1.00000000000000       0.848202096708765     
   1.00000000000000       -1.71788158080226     
  -1.00000000000000       -2.81575101651812     
  -1.00000000000000       -3.41842367157822     
  -1.00000000000000       -4.82504259910547     
  -1.00000000000000       -6.33145898396314     
   1.00000000000000       -7.66595471978279     
   1.00000000000000       -6.59598175617169     
  -1.00000000000000       -2.99394002444007     
   1.00000000000000      -0.146739612916388     
   1.00000000000000        2.54119810046550     
  -1.00000000000000        5.39764756355263     
   1.00000000000000        5.79926354937465     
  -1.00000000000000        5.54470588188447     
  -1.00000000000000        3.82519799432921     
   1.00000000000000       0.308068111296928     
  -1.00000000000000       -1.68887496870478     
  -1.00000000000000       -3.38275267896845     
  -1.00000000000000       -5.22406332791855     
  -1.00000000000000       -6.95081602154923     
   1.00000000000000       -8.39747172774570     
   1.00000000000000       -7.33299586567166     
  -1.00000000000000       -3.54976422135773     
  -1.00000000000000      -0.683925410571523     
   1.00000000000000      -0.215944383834132     
   1.00000000000000       0.669618951310009     
  -1.00000000000000        2.57145831011344     
   1.00000000000000        2.88787812474387     
   1.00000000000000        3.10976440414423     
   1.00000000000000        4.17919243970070     
   1.00000000000000        5.34928984678397     
  -1.00000000000000        6.66401318863759     
   1.00000000000000        5.65691934170585     
  -1.00000000000000        4.32353157955099     
   1.00000000000000        2.22943702236661     
  -1.00000000000000       0.751035212797947     
  -1.00000000000000      -0.698831368031296     
   1.00000000000000       -3.13076534497251     
  -1.00000000000000       -3.72289691344023     
  -1.00000000000000       -4.15326138363374     
  -1.00000000000000       -5.10502556622163     
   1.00000000000000       -6.19013679639087     
   1.00000000000000       -5.30553772115701     
  -1.00000000000000       -2.30301950066035     
   1.00000000000000      -0.265364886042455     
   1.00000000000000        1.67917141498720     
  -1.00000000000000        4.14635961614793     
   1.00000000000000        4.45777831485239     
   1.00000000000000        4.33413519840322     
  -1.00000000000000        4.80730172872820     
   1.00000000000000        3.70262319985030     
  -1.00000000000000        2.64081158708541     
   1.00000000000000       0.784819967631243     
   1.00000000000000      -0.191723363703163     
  -1.00000000000000       0.728703508505007     
  -1.00000000000000       0.852341563389247     
  -1.00000000000000      -0.698053316297754     
   1.00000000000000       -3.25937644571350     
  -1.00000000000000       -3.94265339473937     
  -1.00000000000000       -3.95595050293753     
  -1.00000000000000       -4.97307606823501     
   1.00000000000000       -6.17996763167506     
   1.00000000000000       -5.36312927160362     
  -1.00000000000000       -2.08370688791291     
  -1.00000000000000       0.231353471094245     
   1.00000000000000       0.292162767817990     
   1.00000000000000       0.858703461367931     
   1.00000000000000        2.54365071202805     
  -1.00000000000000        4.62695562437171     
  -1.00000000000000        4.54021694631639     
   1.00000000000000        2.09637781728877     
  -1.00000000000000       0.475369727216982     
  -1.00000000000000       -1.11126137805424     
  -1.00000000000000       -3.53706743261956     
  -1.00000000000000       -6.01637162596888     
   1.00000000000000       -7.89630716793786     
   1.00000000000000       -7.24406122950361     
  -1.00000000000000       -3.89136128621006     
   1.00000000000000       -1.40925569551769     
  -1.00000000000000        1.20800350254964     
  -1.00000000000000        2.22296788266378     
   1.00000000000000       0.937537272778342     
  -1.00000000000000       0.189823227294853     
  -1.00000000000000      -0.753690842013157     
  -1.00000000000000       -2.91454837522863     
   1.00000000000000       -5.27550558004809     
   1.00000000000000       -5.41433881877479     
  -1.00000000000000       -2.98006861881513     
  -1.00000000000000       -1.19933874291859     
   1.00000000000000       -1.26481811137782     
  -1.00000000000000      -0.561784887018217     
   1.00000000000000      -0.442465554040425     
  -1.00000000000000       3.191218837654886E-002
  -1.00000000000000      -0.185536216599484     
  -1.00000000000000       -1.89386907108237     
  -1.00000000000000       -4.55636473320860     
   1.00000000000000       -7.06526958800511     
   1.00000000000000       -6.60152997563761     
   1.00000000000000       -3.56736522506715     
   1.00000000000000       0.813959190629015     
   1.00000000000000        5.20465972734520     
  -1.00000000000000        8.57772619119283     
  -1.00000000000000        8.72105145982040     
   1.00000000000000        5.69235040973870     
  -1.00000000000000        2.67226615776488     
  -1.00000000000000      -0.571079217999832     
  -1.00000000000000       -4.18728928527906     
  -1.00000000000000       -7.33997077756562     
   1.00000000000000       -9.53911477997224     
  -1.00000000000000       -8.76417256455989     
   1.00000000000000       -6.98954345231174     
  -1.00000000000000       -3.95006981467226     
  -1.00000000000000       -1.52244233442497     
  -1.00000000000000       -1.13282907894657     
  -1.00000000000000       -2.08395841668119     
   1.00000000000000       -3.98471222084933     
  -1.00000000000000       -3.85222946853600     
  -1.00000000000000       -3.51341684635810     
   1.00000000000000       -4.08575791186088     
   1.00000000000000       -3.16116051948846     
   1.00000000000000      -0.258403130193298     
  -1.00000000000000        3.51876919890243     
   1.00000000000000        5.05229821445682     
  -1.00000000000000        5.52455272250606     
   1.00000000000000        4.30626625040551     
  -1.00000000000000        3.08252296661567     
   1.00000000000000        1.08784950780949     
   1.00000000000000      -8.416279142028671E-002
   1.00000000000000       0.466097739304698     
  -1.00000000000000        2.28910221377412     
  -1.00000000000000        2.58101569590477     
  -1.00000000000000       0.711742791961304     
   1.00000000000000       -2.25864321574584     
  -1.00000000000000       -3.49622025243418     
   1.00000000000000       -4.05986685884592     
  -1.00000000000000       -3.15488218170517     
  -1.00000000000000       -2.46651605707030     
  -1.00000000000000       -3.21105157443488     
  -1.00000000000000       -4.66230031542591     
  -1.00000000000000       -6.39684583027301     
   1.00000000000000       -7.80961622233995     
   1.00000000000000       -6.70787235543683     
   1.00000000000000       -3.18036198882753     
  -1.00000000000000        1.60403612286150     
  -1.00000000000000        4.18170175249175     
   1.00000000000000        3.69026308490048     
  -1.00000000000000        3.10130215294088     
  -1.00000000000000        1.62121460144913     
   1.00000000000000       -1.26849078832631     
  -1.00000000000000       -2.54431779088246     
   1.00000000000000       -3.52007788525982     
  -1.00000000000000       -2.92853208136266     
   1.00000000000000       -2.53463128265378     
  -1.00000000000000       -1.20191678182537     
  -1.00000000000000      -0.418764482846189     
   1.00000000000000       -1.30341612461471     
  -1.00000000000000       -1.28889778335480     
  -1.00000000000000       -1.41367286622899     
   1.00000000000000       -2.74909879533883     
   1.00000000000000       -2.66246476142553     
  -1.00000000000000      -0.623059330109666     
   1.00000000000000       0.394442027084529     
  -1.00000000000000        1.67904948757234     
  -1.00000000000000        1.67085858856339     
   1.00000000000000      -0.128394493198835     
   1.00000000000000      -0.770981178221433     
   1.00000000000000       0.468184923748249     
  -1.00000000000000        3.03505114752219     
   1.00000000000000        3.68157903422482     
   1.00000000000000        3.79667955418597     
   1.00000000000000        4.70747798524507     
  -1.00000000000000        6.02605053335359     
  -1.00000000000000        5.19712861408000     
  -1.00000000000000        2.09896467431143     
  -1.00000000000000       -2.13551696589675     
  -1.00000000000000       -6.21132667889337     
   1.00000000000000       -9.21885963538762     
  -1.00000000000000       -8.88769997579047     
   1.00000000000000       -7.46854653975318     
  -1.00000000000000       -4.48439634547281     
  -1.00000000000000       -1.86839987849390     
   1.00000000000000      -0.943369190549217     
  -1.00000000000000       0.352343493478627     
   1.00000000000000       0.779325035943892     
  -1.00000000000000        1.62723538578610     
  -1.00000000000000        1.50799870177769     
   1.00000000000000      -0.344713919947995     
   1.00000000000000       -1.01573434783924     
  -1.00000000000000       0.147974379070693     
  -1.00000000000000       0.358606816669832     
   1.00000000000000       -1.07836342834739     
  -1.00000000000000       -1.22851525850253     
  -1.00000000000000       -1.51620592968674     
  -1.00000000000000       -2.93356783185541     
  -1.00000000000000       -4.78659517642939     
   1.00000000000000       -6.62599696698579     
   1.00000000000000       -6.17757406487433     
  -1.00000000000000       -3.33237154713464     
   1.00000000000000       -1.02570445969077     
  -1.00000000000000        1.05645896596105     
   1.00000000000000        2.01403743935014     
  -1.00000000000000        2.92234258447116     
  -1.00000000000000        2.43451911607710     
   1.00000000000000       0.119447093545666     
   1.00000000000000      -0.986988317024428     
   1.00000000000000      -0.113843555954429     
  -1.00000000000000        1.93636153628655     
   1.00000000000000        2.47760467551400     
   1.00000000000000        2.77562169476865     
  -1.00000000000000        3.89051230648348     
   1.00000000000000        3.52779151594501     
  -1.00000000000000        2.97865514998154     
   1.00000000000000        1.44861976211241     
   1.00000000000000       0.532323465137125     
  -1.00000000000000        1.29644132317959     
  -1.00000000000000        1.08771709217668     
   1.00000000000000      -0.907401493503540     
  -1.00000000000000       -1.73285631248863     
   1.00000000000000       -2.22919432530443     
   1.00000000000000       -1.56992508149562     
  -1.00000000000000       0.638270746725948     
   1.00000000000000        1.46807879825859     
   1.00000000000000        2.19899383938810     
  -1.00000000000000        3.86978785403204     
  -1.00000000000000        3.85346293692910     
   1.00000000000000        1.78563905584401     
  -1.00000000000000       0.419320823689923     
   1.00000000000000       -1.20655801961605     
  -1.00000000000000       -1.61632569703040     
  -1.00000000000000       -1.96438163420069     
  -1.00000000000000       -3.38779011942616     
   1.00000000000000       -5.18302429125952     
  -1.00000000000000       -4.93324172849589     
  -1.00000000000000       -4.31408815856808     
  -1.00000000000000       -4.63141505885332     
  -1.00000000000000       -5.44922548226527     
  -1.00000000000000       -6.47263536693719     
   1.00000000000000       -7.36869215267490     
  -1.00000000000000       -6.07866799400536     
   1.00000000000000       -4.58946924956328     
  -1.00000000000000       -2.18045764596100     
  -1.00000000000000      -0.486780328933131     
  -1.00000000000000      -0.741847139493843     
  -1.00000000000000       -2.34153461628460     
   1.00000000000000       -4.52382761861619     
  -1.00000000000000       -4.53013393138137     
  -1.00000000000000       -4.10346239551806     
  -1.00000000000000       -4.40715931070818     
  -1.00000000000000       -5.39723867287023     
   1.00000000000000       -6.46225622081703     
  -1.00000000000000       -5.39412986121896     
  -1.00000000000000       -4.16863377438055     
   1.00000000000000       -4.07752584885895     
   1.00000000000000       -2.58775977683430     
  -1.00000000000000       0.465720129207468     
  -1.00000000000000        2.16921752653910     
   1.00000000000000        1.51417826494665     
  -1.00000000000000        1.34689528709508     
   1.00000000000000       0.626457717805746     
  -1.00000000000000       0.631161840568522     
   1.00000000000000      -0.116444246290002     
   1.00000000000000       6.125960027283051E-002
  -1.00000000000000        1.71488676042752     
  -1.00000000000000        1.97276796826928     
   1.00000000000000       0.409438202852187     
   1.00000000000000      -0.159407514522439     
   1.00000000000000       0.972999087366135     
   1.00000000000000        3.05431331754966     
  -1.00000000000000        5.33311620171958     
   1.00000000000000        5.26221794674965     
   1.00000000000000        4.85440339801910     
   1.00000000000000        5.18064332031930     
   1.00000000000000        5.86187425513308     
  -1.00000000000000        6.62417434600794     
   1.00000000000000        5.30391332020995     
  -1.00000000000000        3.84446243500689     
  -1.00000000000000        1.53212459890093     
   1.00000000000000       -1.94031536082305     
  -1.00000000000000       -3.47198583701595     
  -1.00000000000000       -4.39021562935497     
  -1.00000000000000       -5.58194192614036     
  -1.00000000000000       -6.62969072479034     
  -1.00000000000000       -7.57068148792629     
   1.00000000000000       -8.15840593248440     
  -1.00000000000000       -6.49929027322188     
  -1.00000000000000       -4.40517972333537     
   1.00000000000000       -3.64431071921330     
  -1.00000000000000       -1.81570191074769     
   1.00000000000000      -0.574210873613425     
   1.00000000000000       0.942403706131807     
   1.00000000000000        3.25033043258233     
   1.00000000000000        5.69593745048083     
  -1.00000000000000        7.72957690221482     
   1.00000000000000        7.16177759649768     
  -1.00000000000000        6.00748223395437     
  -1.00000000000000        3.48868403350716     
   1.00000000000000      -0.462952297349137     
   1.00000000000000       -2.71623354310993     
  -1.00000000000000       -2.31502190617439     
   1.00000000000000       -2.23003657954030     
   1.00000000000000       -1.13328624726637     
   1.00000000000000        1.31424277520329     
  -1.00000000000000        4.12999995094933     
  -1.00000000000000        4.86858754769615     
   1.00000000000000        2.94019433784537     
   1.00000000000000        1.53799253238737     
   1.00000000000000        1.91422511883703     
   1.00000000000000        3.41081632907880     
   1.00000000000000        5.30773638963910     
   1.00000000000000        7.13599794716369     
  -1.00000000000000        8.63165095743729     
  -1.00000000000000        7.38829632963909     
   1.00000000000000        3.43328870285234     
  -1.00000000000000       0.386213056828816     
   1.00000000000000       -2.30984888615185     
   1.00000000000000       -3.17263497907330     
   1.00000000000000       -1.71487354359604     
   1.00000000000000        1.22081418569590     
  -1.00000000000000        4.54431466466564     
   1.00000000000000        5.48236425786144     
   1.00000000000000        5.51566738557440     
   1.00000000000000        6.00218205079536     
  -1.00000000000000        6.59014838992749     
  -1.00000000000000        5.10422319311776     
   1.00000000000000        1.75060060286618     
   1.00000000000000      -0.366847829537801     
   1.00000000000000      -0.309603131088967     
  -1.00000000000000        1.18427594072426     
  -1.00000000000000        1.57374541291111     
   1.00000000000000       0.190949274552501     
  -1.00000000000000      -0.272724006661218     
   1.00000000000000      -0.915755890332009     
   1.00000000000000      -0.567018090846609     
  -1.00000000000000        1.40713669087257     
  -1.00000000000000        1.95755008041807     
   1.00000000000000       0.470557793783585     
  -1.00000000000000      -0.134942338951312     
   1.00000000000000       -1.07623357520816     
  -1.00000000000000       -1.11400383753363     
  -1.00000000000000       -1.55125960331961     
  -1.00000000000000       -3.05053298614199     
   1.00000000000000       -5.11426064623743     
   1.00000000000000       -5.08002008332113     
  -1.00000000000000       -2.58073189831114     
  -1.00000000000000      -0.778285677519929     
  -1.00000000000000       -1.12504033049778     
  -1.00000000000000       -2.58918990435992     
  -1.00000000000000       -4.64344287836011     
   1.00000000000000       -6.77738282938002     
  -1.00000000000000       -6.42928318253586     
   1.00000000000000       -5.37950779926612     
   1.00000000000000       -3.01678893033026     
  -1.00000000000000       0.692400107040191     
   1.00000000000000        2.43467441957919     
   1.00000000000000        3.68705904988913     
   1.00000000000000        5.57145147898860     
  -1.00000000000000        7.30188597182929     
  -1.00000000000000        6.50372446754665     
   1.00000000000000        3.18158103809930     
   1.00000000000000       0.625552234426544     
  -1.00000000000000       3.672263024072642E-002
  -1.00000000000000      -0.926904198587746     
   1.00000000000000       -2.89112765415829     
   1.00000000000000       -3.20620070368991     
   1.00000000000000       -1.33598197749864     
   1.00000000000000        1.73199633425923     
   1.00000000000000        5.08742412553608     
  -1.00000000000000        7.98233708279451     
  -1.00000000000000        7.87154167139761     
   1.00000000000000        4.64953646092260     
   1.00000000000000        2.07758749461075     
  -1.00000000000000        1.34263918815044     
  -1.00000000000000      -6.698727421810435E-002
  -1.00000000000000       -2.53192317693277     
   1.00000000000000       -5.15190172511874     
  -1.00000000000000       -5.47898302142009     
   1.00000000000000       -5.06634837911864     
  -1.00000000000000       -3.39531187610606     
  -1.00000000000000       -2.01857511158242     
  -1.00000000000000       -2.11497750960116     
  -1.00000000000000       -3.31192614079239     
   1.00000000000000       -4.94282458522159     
  -1.00000000000000       -4.67574279822701     
   1.00000000000000       -3.96618090091210     
  -1.00000000000000       -2.29942212469497     
  -1.00000000000000       -1.18182083555596     
  -1.00000000000000       -1.68194709684039     
   1.00000000000000       -3.05073572351579     
   1.00000000000000       -2.82061104620313     
  -1.00000000000000      -0.452883995787588     
   1.00000000000000       0.837580263804695     
   1.00000000000000        1.87959923895841     
   1.00000000000000        3.77384524461155     
  -1.00000000000000        5.86220937923833     
  -1.00000000000000        5.57239050591326     
  -1.00000000000000        2.88552860430877     
  -1.00000000000000       -1.05035309990440     
  -1.00000000000000       -5.21432087250384     
  -1.00000000000000       -8.35794818294690     
   1.00000000000000       -10.5307552080583     
  -1.00000000000000       -9.32309483223777     
   1.00000000000000       -7.12684641542182     
   1.00000000000000       -3.70899997017725     
   1.00000000000000       0.938345693113780     
  -1.00000000000000        5.59218308961869     
   1.00000000000000        7.39277414770131     
   1.00000000000000        7.72217456546275     
   1.00000000000000        7.87153418102781     
   1.00000000000000        7.91546626449336     
   1.00000000000000        7.89166018667745     
   1.00000000000000        8.09076412162555     
   1.00000000000000        8.08340288791798     
   1.00000000000000        8.03709485341470     
   1.00000000000000        7.82397631774123     
  -1.00000000000000        7.31439529884625     
  -1.00000000000000        5.25495594364587     
  -1.00000000000000        1.18149607601680     
   1.00000000000000       -3.42192959364219     
  -1.00000000000000       -5.34169719796182     
   1.00000000000000       -6.12366000170966     
   1.00000000000000       -5.02141333794090     
   1.00000000000000       -1.61645904346017     
   1.00000000000000        2.62901248015327     
   1.00000000000000        6.63413880822054     
   1.00000000000000        9.63352708622783     
  -1.00000000000000        11.2033526346631     
  -1.00000000000000        9.62626165009290     
   1.00000000000000        5.32290311183427     
  -1.00000000000000        1.85589187424408     
   1.00000000000000       -1.53654043098903     
  -1.00000000000000       -3.06127379454613     
  -1.00000000000000       -3.98654457958170     
  -1.00000000000000       -5.31706175448838     
  -1.00000000000000       -6.76360251051335     
   1.00000000000000       -7.89323484164513     
  -1.00000000000000       -6.69227076156709     
   1.00000000000000       -5.14017021976057     
  -1.00000000000000       -2.45283310673459     
  -1.00000000000000      -0.692289281657864     
  -1.00000000000000      -0.747112957380426     
  -1.00000000000000       -2.06421161636211     
   1.00000000000000       -4.10511057453824     
  -1.00000000000000       -4.17916138389678     
   1.00000000000000       -3.97178064395499     
   1.00000000000000       -2.54868766610437     
   1.00000000000000       0.595380563863942     
  -1.00000000000000        4.08874584035260     
   1.00000000000000        5.23704643168262     
  -1.00000000000000        5.43583302289998     
  -1.00000000000000        4.13907664554030     
   1.00000000000000       0.783982314907433     
  -1.00000000000000       -1.30989588982136     
   1.00000000000000       -2.85397130400587     
   1.00000000000000       -2.86486615718257     
   1.00000000000000      -0.904275075551132     
  -1.00000000000000        2.10933842463587     
   1.00000000000000        3.36285059543938     
   1.00000000000000        4.06351067095699     
  -1.00000000000000        5.25671967685779     
  -1.00000000000000        4.58547712330861     
  -1.00000000000000        1.69918951379220     
   1.00000000000000       -2.01248900668611     
   1.00000000000000       -3.66392714099925     
  -1.00000000000000       -2.53179018249021     
  -1.00000000000000       -1.67199529137478     
  -1.00000000000000       -2.25252817933932     
  -1.00000000000000       -3.66420636815951     
  -1.00000000000000       -5.46602566095313     
   1.00000000000000       -7.01188595240297     
   1.00000000000000       -6.14485537839180     
   1.00000000000000       -2.86049794247254     
  -1.00000000000000        1.66975118406734     
  -1.00000000000000        4.12096934402617     
  -1.00000000000000        3.50305652463008     
  -1.00000000000000       0.780829753586755     
  -1.00000000000000       -2.66319934465677     
  -1.00000000000000       -5.92955784641614     
   1.00000000000000       -8.39187412059762     
  -1.00000000000000       -7.97470053225547     
  -1.00000000000000       -6.49963637503128     
   1.00000000000000       -5.89161903199858     
   1.00000000000000       -3.80860090212959     
   1.00000000000000      -0.126283701861018     
  -1.00000000000000        3.91435445351464     
   1.00000000000000        5.52806539902798     
   1.00000000000000        5.86291457604175     
   1.00000000000000        6.31738414904757     
  -1.00000000000000        6.95145635911912     
  -1.00000000000000        5.25221680716141     
  -1.00000000000000        1.44086893593918     
  -1.00000000000000       -3.06849168658022     
   1.00000000000000       -7.09815411948177     
   1.00000000000000       -7.82065066954289     
  -1.00000000000000       -5.21705067907594     
  -1.00000000000000       -2.70873057919450     
  -1.00000000000000       -1.89446827076492     
   1.00000000000000       -2.38452107402731     
  -1.00000000000000       -1.92536162351359     
  -1.00000000000000       -1.67594990969888     
   1.00000000000000       -2.60792873932752     
  -1.00000000000000       -2.15840126220175     
   1.00000000000000       -2.09240197801338     
   1.00000000000000       -1.12191763230990     
  -1.00000000000000        1.26258642194375     
  -1.00000000000000        2.25369198706889     
   1.00000000000000        1.13364828728184     
  -1.00000000000000       0.726491744769661     
   1.00000000000000      -0.223621631164685     
  -1.00000000000000      -0.294067444730681     
   1.00000000000000      -0.798047708715222     
   1.00000000000000      -0.577720097419507     
  -1.00000000000000        1.09466738946934     
  -1.00000000000000        1.56493494235118     
  -1.00000000000000       6.864333488766361E-002
  -1.00000000000000       -2.45680944684938     
  -1.00000000000000       -5.21591058505067     
   1.00000000000000       -7.62281741237981     
   1.00000000000000       -7.36513618659136     
  -1.00000000000000       -4.29621819445778     
  -1.00000000000000       -1.74686341350282     
   1.00000000000000       -1.21141447195282     
   1.00000000000000       5.745827227123779E-002
   1.00000000000000        2.27593448727368     
   1.00000000000000        4.90525567820049     
   1.00000000000000        7.20710050643874     
  -1.00000000000000        8.68861959962550     
  -1.00000000000000        7.52118350545210     
  -1.00000000000000        3.65134354705670     
   1.00000000000000       -1.28721554026292     
  -1.00000000000000       -3.94070964013785     
   1.00000000000000       -5.56886376954708     
   1.00000000000000       -5.14846332241931     
  -1.00000000000000       -2.42701367874600     
  -1.00000000000000      -0.714043804899177     
  -1.00000000000000       -1.16882407676106     
  -1.00000000000000       -2.52809455792929     
  -1.00000000000000       -4.39786680852766     
  -1.00000000000000       -6.38452549975946     
  -1.00000000000000       -8.09575870037036     
   1.00000000000000       -9.28694539957850     
  -1.00000000000000       -7.78366870254944     
   1.00000000000000       -5.77623628575349     
   1.00000000000000       -2.75208376031532     
  -1.00000000000000        1.47679892303077     
  -1.00000000000000        3.62333055910838     
   1.00000000000000        2.80796639348475     
   1.00000000000000        2.23598016751905     
   1.00000000000000        2.88316613509749     
   1.00000000000000        4.24891485534695     
   1.00000000000000        5.89351286643231     
   1.00000000000000        7.35829692629766     
   1.00000000000000        8.37418476983582     
  -1.00000000000000        8.83549025687792     
  -1.00000000000000        7.02907678577407     
  -1.00000000000000        2.90502797796048     
   1.00000000000000       -1.97697012606388     
   1.00000000000000       -4.64074155148715     
  -1.00000000000000       -4.16704771241840     
   1.00000000000000       -3.58086159140811     
  -1.00000000000000       -1.95669172709767     
  -1.00000000000000      -0.849082683602055     
   1.00000000000000       -1.31355193423865     
  -1.00000000000000       -1.07736640726034     
  -1.00000000000000       -1.19946113182959     
   1.00000000000000       -2.60438138702714     
  -1.00000000000000       -2.65848943611507     
  -1.00000000000000       -2.57718530118788     
   1.00000000000000       -3.76966902438836     
   1.00000000000000       -3.49839368928547     
   1.00000000000000      -0.990196432047866     
   1.00000000000000        2.43854608422225     
   1.00000000000000        5.73107365275223     
   1.00000000000000        8.24160452375588     
   1.00000000000000        9.84077295985086     
  -1.00000000000000        10.6030084545400     
  -1.00000000000000        8.48238051113912     
  -1.00000000000000        3.81939651363456     
  -1.00000000000000       -1.49353598598179     
   1.00000000000000       -6.33818229689198     
   1.00000000000000       -7.97465366310106     
   1.00000000000000       -6.12100645027030     
   1.00000000000000       -2.11276064273784     
   1.00000000000000        2.68726843637354     
   1.00000000000000        6.88289483892138     
   1.00000000000000        9.89590005408408     
   1.00000000000000        11.5254200114515     
   1.00000000000000        12.0132949094363     
  -1.00000000000000        11.5439214428271     
  -1.00000000000000        8.36489477792693     
   1.00000000000000        3.19539580231225     
  -1.00000000000000      -0.309901762964202     
   1.00000000000000       -3.21070230530623     
   1.00000000000000       -4.11105950430012     
  -1.00000000000000       -2.36005530560600     
   1.00000000000000       -1.20951784538282     
  -1.00000000000000       0.313768563387152     
  -1.00000000000000       0.805588673689310     
   1.00000000000000      -0.444666578167023     
  -1.00000000000000      -0.738823071932677     
  -1.00000000000000       -1.21238795669698     
  -1.00000000000000       -2.80202332645467     
   1.00000000000000       -4.86437366017232     
  -1.00000000000000       -4.89112019389790     
   1.00000000000000       -4.39930064877066     
   1.00000000000000       -2.65368565871758     
   1.00000000000000       0.559600472238776     
   1.00000000000000        4.15022517562021     
   1.00000000000000        7.46607491603776     
  -1.00000000000000        9.81985331939736     
  -1.00000000000000        9.15483116201813     
  -1.00000000000000        5.24842184040975     
  -1.00000000000000      -8.186316408462346E-002
   1.00000000000000       -5.34146821107919     
  -1.00000000000000       -7.54156232473586     
  -1.00000000000000       -8.04344058874843     
  -1.00000000000000       -8.09252311082166     
  -1.00000000000000       -8.02226822429897     
  -1.00000000000000       -7.82316836544676     
  -1.00000000000000       -7.62713072038091     
  -1.00000000000000       -7.61303622575968     
   1.00000000000000       -7.75647005429654     
   1.00000000000000       -5.73708688893646     
  -1.00000000000000       -1.72830190130465     
   1.00000000000000       0.905125167709986     
  -1.00000000000000        3.00991970543816     
  -1.00000000000000        3.27718129040398     
  -1.00000000000000        1.41673205008826     
  -1.00000000000000       -1.72267212347415     
  -1.00000000000000       -4.95256011439904     
  -1.00000000000000       -7.68209642804370     
  -1.00000000000000       -9.63211880023593     
   1.00000000000000       -10.5693265070846     
   1.00000000000000       -8.54038048097180     
  -1.00000000000000       -3.90028173335217     
   1.00000000000000      -0.411536623015146     
   1.00000000000000        2.70922932815733     
  -1.00000000000000        5.91214225388151     
   1.00000000000000        6.56718545740357     
   1.00000000000000        6.34292673609017     
  -1.00000000000000        6.37280511875033     
   1.00000000000000        4.85498955436149     
   1.00000000000000        3.30519003626174     
   1.00000000000000        3.15320331711978     
   1.00000000000000        3.84995484571009     
   1.00000000000000        5.35148826326594     
  -1.00000000000000        6.78658759107532     
  -1.00000000000000        5.97814372286258     
  -1.00000000000000        2.69822784426788     
  -1.00000000000000       -1.69047620827334     
   1.00000000000000       -6.09596998651075     
   1.00000000000000       -7.35138160965874     
   1.00000000000000       -5.04118032748056     
  -1.00000000000000      -0.872289984634921     
  -1.00000000000000        1.59849887986238     
   1.00000000000000        1.33272495956248     
   1.00000000000000        1.32728433973477     
   1.00000000000000        2.65816408219930     
   1.00000000000000        4.70687186115985     
  -1.00000000000000        6.63139439748386     
   1.00000000000000        6.29659575097002     
   1.00000000000000        5.37960292724922     
   1.00000000000000        5.13867187245915     
   1.00000000000000        5.48564720529767     
   1.00000000000000        6.21109342747611     
   1.00000000000000        7.10828842579489     
   1.00000000000000        7.77120105564602     
   1.00000000000000        8.14941725797894     
  -1.00000000000000        8.15043916534386     
  -1.00000000000000        6.16655371506777     
   1.00000000000000        1.97274903962028     
   1.00000000000000      -0.815492649422116     
   1.00000000000000       -1.00991670744958     
   1.00000000000000       0.557664701710807     
  -1.00000000000000        3.04657089885228     
   1.00000000000000        3.72183242332380     
  -1.00000000000000        4.00278162860244     
  -1.00000000000000        2.93919209626248     
  -1.00000000000000       0.127024063316339     
   1.00000000000000       -3.30689440278968     
   1.00000000000000       -4.39147474061171     
   1.00000000000000       -2.86864270353177     
  -1.00000000000000       2.215786897874716E-002
  -1.00000000000000        1.56816596198970     
   1.00000000000000       0.846200164593282     
   1.00000000000000       0.686907071571190     
   1.00000000000000        1.95382354325401     
  -1.00000000000000        3.98038106045934     
  -1.00000000000000        4.13110736380842     
   1.00000000000000        2.02121804057705     
   1.00000000000000       0.514671872741036     
  -1.00000000000000       0.913298292808704     
  -1.00000000000000       0.350854899280853     
  -1.00000000000000       -1.61395904602094     
   1.00000000000000       -4.19806474612879     
  -1.00000000000000       -4.81540646959984     
  -1.00000000000000       -4.92521123664677     
  -1.00000000000000       -5.57420959718554     
  -1.00000000000000       -6.43477271254700     
   1.00000000000000       -7.14880871147159     
   1.00000000000000       -5.78815067805124     
   1.00000000000000       -2.15355852899504     
   1.00000000000000        2.23514396232662     
  -1.00000000000000        6.19591855824736     
   1.00000000000000        7.16288923286206     
   1.00000000000000        7.11725261369844     
   1.00000000000000        7.17166983756143     
  -1.00000000000000        7.36886120596057     
  -1.00000000000000        5.65515633543625     
  -1.00000000000000        1.69164765307809     
  -1.00000000000000       -2.94947023936478     
  -1.00000000000000       -7.15758636785830     
  -1.00000000000000       -10.0957173650510     
   1.00000000000000       -11.6620173963355     
   1.00000000000000       -9.75148021154877     
   1.00000000000000       -4.99657566413109     
   1.00000000000000       0.951881631990705     
  -1.00000000000000        6.53693549332255     
  -1.00000000000000        8.70847430289434     
   1.00000000000000        7.03451881708984     
  -1.00000000000000        4.93018265516819     
   1.00000000000000        1.87239697279128     
  -1.00000000000000      -0.218295182416954     
  -1.00000000000000       -2.31943025013800     
   1.00000000000000       -4.63771514304273     
   1.00000000000000       -4.80310370814373     
  -1.00000000000000       -2.54993743399578     
  -1.00000000000000      -0.754881699184396     
   1.00000000000000      -0.890042003524567     
  -1.00000000000000      -0.376207230325330     
   1.00000000000000      -0.514763136908795     
  -1.00000000000000      -6.212643011866703E-002
   1.00000000000000      -0.263408443463813     
   1.00000000000000       0.239550665270935     
   1.00000000000000        2.01455077133557     
  -1.00000000000000        4.42912541419204     
  -1.00000000000000        4.62237460321454     
   1.00000000000000        2.30742869639029     
  -1.00000000000000       0.758655685288513     
   1.00000000000000      -0.989309591714105     
  -1.00000000000000       -1.50063572969347     
  -1.00000000000000       -2.11207939753125     
  -1.00000000000000       -3.50062250388178     
  -1.00000000000000       -5.25498802013884     
  -1.00000000000000       -6.96646859026697     
  -1.00000000000000       -8.48775479193390     
   1.00000000000000       -9.46971817652900     
  -1.00000000000000       -7.95034767872614     
   1.00000000000000       -5.91154612110081     
  -1.00000000000000       -2.85985421377346     
   1.00000000000000      -0.709356617383550     
  -1.00000000000000        1.31052027894498     
   1.00000000000000        2.05546876510043     
   1.00000000000000        2.78094025120658     
  -1.00000000000000        4.40365703825340     
  -1.00000000000000        4.29001604248697     
   1.00000000000000        1.95727504739459     
   1.00000000000000       0.343267307338135     
  -1.00000000000000       0.501790660064557     
  -1.00000000000000       5.623253090773250E-002
   1.00000000000000       -1.84551346785320     
  -1.00000000000000       -2.22211765569180     
   1.00000000000000       -2.55927928776153     
   1.00000000000000       -1.77815209254641     
   1.00000000000000       0.609922760588738     
   1.00000000000000        3.44718528420366     
  -1.00000000000000        6.30903361242904     
   1.00000000000000        6.63842422348032     
  -1.00000000000000        6.09632801173926     
  -1.00000000000000        4.01199079603771     
   1.00000000000000       6.244757713006521E-002
  -1.00000000000000       -2.16641967109588     
   1.00000000000000       -3.89480251945769     
  -1.00000000000000       -3.81131299626665     
   1.00000000000000       -3.47043285699414     
  -1.00000000000000       -2.11875403526415     
  -1.00000000000000       -1.47962665886929     
   1.00000000000000       -2.15393351346124     
  -1.00000000000000       -1.91654964706812     
   1.00000000000000       -1.73804892046519     
  -1.00000000000000      -0.677081641896548     
   1.00000000000000      -0.342226537759011     
  -1.00000000000000       0.380740837164324     
   1.00000000000000       0.478319531791051     
   1.00000000000000       0.949844731289584     
  -1.00000000000000        2.53618740518437     
   1.00000000000000        2.50386677864571     
  -1.00000000000000        2.34551522690264     
   1.00000000000000        1.20017420119797     
   1.00000000000000       0.539265525300732     
  -1.00000000000000        1.40992785221155     
  -1.00000000000000        1.24038490664194     
   1.00000000000000      -0.636179236226316     
   1.00000000000000       -1.25172427254317     
   1.00000000000000       0.260204079043707     
  -1.00000000000000        2.74716750114303     
   1.00000000000000        3.40828517169556     
  -1.00000000000000        3.70323147602911     
  -1.00000000000000        2.55908457490770     
  -1.00000000000000      -0.403296372358236     
  -1.00000000000000       -3.88593086448340     
  -1.00000000000000       -7.19300672216328     
  -1.00000000000000       -9.53083116307396     
  -1.00000000000000       -10.7074270002771     
   1.00000000000000       -10.9198204333509     
  -1.00000000000000       -8.36387592060257     
   1.00000000000000       -5.24802468109761     
  -1.00000000000000       -1.59718704262153     
   1.00000000000000       0.743510952854276     
  -1.00000000000000        2.71461566269424     
  -1.00000000000000        3.08241633559761     
  -1.00000000000000        1.11690603283063     
   1.00000000000000       -1.85120003100036     
   1.00000000000000       -3.07629793359516     
  -1.00000000000000       -1.87743358278656     
   1.00000000000000       -1.06144702796826     
  -1.00000000000000       0.123660364155945     
  -1.00000000000000       0.470582189701284     
  -1.00000000000000      -0.811741394694156     
   1.00000000000000       -3.03284189675974     
   1.00000000000000       -3.38352639458632     
  -1.00000000000000       -1.42439022432436     
   1.00000000000000      -0.208543490077398     
  -1.00000000000000        1.08133665518763     
  -1.00000000000000        1.20020124149235     
   1.00000000000000      -0.497241926902743     
  -1.00000000000000       -1.28940564455871     
  -1.00000000000000       -2.09077582201691     
  -1.00000000000000       -3.76889786425714     
   1.00000000000000       -5.69931273100975     
  -1.00000000000000       -5.32306200641216     
   1.00000000000000       -4.55108909759776     
   1.00000000000000       -2.60482241217814     
  -1.00000000000000       0.779623503926740     
  -1.00000000000000        2.59766432821593     
   1.00000000000000        1.77235223333849     
   1.00000000000000        1.20930008585309     
  -1.00000000000000        2.00141140960047     
  -1.00000000000000        1.74075360722753     
   1.00000000000000      -0.184893281998763     
  -1.00000000000000      -0.958147258466042     
   1.00000000000000       -1.79547943939826     
  -1.00000000000000       -1.66009453095154     
  -1.00000000000000       -1.64329463574965     
  -1.00000000000000       -2.75488754149253     
  -1.00000000000000       -4.43880683223822     
  -1.00000000000000       -6.20419978078928     
  -1.00000000000000       -7.63236965094342     
  -1.00000000000000       -8.74782265265198     
  -1.00000000000000       -9.21642338251160     
   1.00000000000000       -9.25961346106987     
   1.00000000000000       -6.88802373206104     
   1.00000000000000       -2.32096886891692     
  -1.00000000000000        2.92094393793742     
  -1.00000000000000        5.42925848400407     
  -1.00000000000000        4.58519112210376     
  -1.00000000000000        1.41362696105957     
   1.00000000000000       -2.54738168840986     
   1.00000000000000       -4.36493497340518     
  -1.00000000000000       -3.23587150067900     
   1.00000000000000       -2.17793768070020     
  -1.00000000000000      -0.450353940678950     
  -1.00000000000000       0.463687123521663     
  -1.00000000000000      -0.710576689371902     
   1.00000000000000       -3.00419785219372     
   1.00000000000000       -3.49735195793664     
  -1.00000000000000       -1.54558577002188     
   1.00000000000000      -0.323784078020362     
  -1.00000000000000        1.25088958130788     
   1.00000000000000        1.55768025660915     
   1.00000000000000        1.89321793020061     
  -1.00000000000000        3.28252460873829     
  -1.00000000000000        3.26166981283917     
   1.00000000000000        1.09374210917725     
  -1.00000000000000      -0.104328199387617     
  -1.00000000000000       -1.34522378632203     
  -1.00000000000000       -3.48143400200886     
   1.00000000000000       -5.61958894530190     
   1.00000000000000       -5.45472848386043     
  -1.00000000000000       -2.73479442239697     
   1.00000000000000      -0.819633129584818     
   1.00000000000000        1.30383997209277     
  -1.00000000000000        4.01848463786956     
   1.00000000000000        4.62842536398522     
  -1.00000000000000        4.62024676453566     
   1.00000000000000        3.21103557949859     
   1.00000000000000        2.09957451991619     
  -1.00000000000000        2.53243077185025     
   1.00000000000000        1.80095970479870     
   1.00000000000000        1.38563673639282     
  -1.00000000000000        2.26057081122653     
   1.00000000000000        1.97203001595384     
  -1.00000000000000        2.04934653211355     
  -1.00000000000000        1.18883183138061     
  -1.00000000000000       -1.07313837476001     
   1.00000000000000       -3.77385836992143     
   1.00000000000000       -4.34546755172702     
  -1.00000000000000       -2.40536553625145     
   1.00000000000000       -1.14898216904285     
   1.00000000000000       0.513474895877187     
  -1.00000000000000        3.10328597087342     
  -1.00000000000000        3.79483927358275     
  -1.00000000000000        1.98654982943889     
   1.00000000000000       -1.08879211350888     
  -1.00000000000000       -2.57307295752703     
  -1.00000000000000       -3.50140427829807     
  -1.00000000000000       -5.12534825931147     
  -1.00000000000000       -6.65080084249505     
  -1.00000000000000       -7.80695356653651     
   1.00000000000000       -8.70462832766370     
  -1.00000000000000       -6.98010425430971     
  -1.00000000000000       -4.99111969433350     
  -1.00000000000000       -3.95540065454784     
   1.00000000000000       -3.86780654549683     
  -1.00000000000000       -2.53322216522676     
  -1.00000000000000       -1.77082016483187     
  -1.00000000000000       -2.45097779938313     
   1.00000000000000       -3.95724517667978     
  -1.00000000000000       -3.61719356198512     
  -1.00000000000000       -3.22009765611265     
  -1.00000000000000       -3.85515329070123     
   1.00000000000000       -5.11270038110228     
  -1.00000000000000       -4.71064280966757     
  -1.00000000000000       -3.88660669641775     
   1.00000000000000       -3.90923666070682     
  -1.00000000000000       -2.56986740536458     
  -1.00000000000000       -1.61288313667489     
  -1.00000000000000       -2.07704073789817     
  -1.00000000000000       -3.67745557751524     
  -1.00000000000000       -5.49717844987344     
  -1.00000000000000       -6.96862324574554     
   1.00000000000000       -8.06223053982172     
   1.00000000000000       -6.85112036944075     
   1.00000000000000       -3.21507261453989     
   1.00000000000000        1.44124256987797     
   1.00000000000000        5.93344163549190     
   1.00000000000000        9.50408020649998     
   1.00000000000000        11.7314460127171     
   1.00000000000000        12.3500165652714     
   1.00000000000000        11.7999428559715     
  -1.00000000000000        10.5951949983695     
   1.00000000000000        7.32653587712922     
   1.00000000000000        4.20814838767368     
   1.00000000000000        2.58602375559212     
  -1.00000000000000        2.28084834413893     
  -1.00000000000000        1.08850368832041     
   1.00000000000000       -1.38188867009026     
   1.00000000000000       -2.19210546699384     
   1.00000000000000      -0.790467531924916     
   1.00000000000000        1.88533799141683     
   1.00000000000000        4.82127693555122     
   1.00000000000000        7.48120321611098     
  -1.00000000000000        9.33117922107754     
   1.00000000000000        8.22051667905611     
   1.00000000000000        6.34223846106857     
  -1.00000000000000        5.39605666210773     
  -1.00000000000000        3.18379764009178     
  -1.00000000000000      -0.447852840129398     
  -1.00000000000000       -4.43859263823418     
  -1.00000000000000       -7.95870802796950     
   1.00000000000000       -10.4490019274755     
   1.00000000000000       -9.65637541971647     
   1.00000000000000       -5.65583376039128     
   1.00000000000000      -0.323110813932947     
  -1.00000000000000        5.00614187860651     
   1.00000000000000        7.19132971476779     
  -1.00000000000000        7.79575784929026     
   1.00000000000000        6.29365472932842     
  -1.00000000000000        4.42771488481566     
   1.00000000000000        1.68805562991103     
  -1.00000000000000      -6.372824726746273E-003
   1.00000000000000       -1.69296244061195     
   1.00000000000000       -2.05179026221193     
   1.00000000000000      -0.318776753917332     
   1.00000000000000        2.55248175141522     
   1.00000000000000        5.41504027638324     
   1.00000000000000        7.77230604302964     
  -1.00000000000000        9.41881192072941     
   1.00000000000000        8.28975928760811     
   1.00000000000000        6.50288031750302     
  -1.00000000000000        5.51376991675571     
  -1.00000000000000        3.22398089104922     
  -1.00000000000000      -0.512087543203582     
  -1.00000000000000       -4.46195188620717     
   1.00000000000000       -7.70377535035991     
  -1.00000000000000       -8.05832605708827     
  -1.00000000000000       -7.17334327548613     
  -1.00000000000000       -6.68059659794386     
  -1.00000000000000       -6.61021250068907     
  -1.00000000000000       -6.89558194254467     
  -1.00000000000000       -7.02960130782018     
   1.00000000000000       -7.34753776274677     
  -1.00000000000000       -5.65295784383576     
  -1.00000000000000       -3.96616714127323     
  -1.00000000000000       -3.36883050837108     
   1.00000000000000       -3.78746270524869     
  -1.00000000000000       -2.78035088666070     
   1.00000000000000       -2.03539022843153     
  -1.00000000000000      -0.603456352098601     
   1.00000000000000       6.897681386499710E-002
   1.00000000000000        1.14040017812495     
   1.00000000000000        3.04444209969786     
  -1.00000000000000        5.19364778551007     
   1.00000000000000        5.09584677123172     
   1.00000000000000        4.48532405790868     
  -1.00000000000000        4.66500792728169     
  -1.00000000000000        3.36135929030725     
   1.00000000000000       0.289672290673789     
  -1.00000000000000       -1.53943750175610     
   1.00000000000000       -3.07554338578945     
  -1.00000000000000       -3.06779618265112     
  -1.00000000000000       -2.82729586854600     
   1.00000000000000       -3.53040925265602     
  -1.00000000000000       -2.99481441142315     
  -1.00000000000000       -2.49688868942546     
   1.00000000000000       -3.07058494314532     
   1.00000000000000       -2.40149850514576     
   1.00000000000000       5.194520400323110E-002
   1.00000000000000        3.26305276947643     
  -1.00000000000000        6.39195418240879     
   1.00000000000000        6.71999356643467     
   1.00000000000000        5.96448248887639     
  -1.00000000000000        5.75404513846511     
   1.00000000000000        3.71747543395893     
  -1.00000000000000        1.96867461498071     
   1.00000000000000      -0.151069470406645     
  -1.00000000000000       -1.04146882197866     
   1.00000000000000       -1.96001506749985     
   1.00000000000000       -1.69569280852235     
  -1.00000000000000       0.411019491902901     
  -1.00000000000000        1.35917860828643     
  -1.00000000000000       0.231195936614590     
   1.00000000000000       -2.05967204314693     
   1.00000000000000       -2.74694875331225     
   1.00000000000000       -1.33449169466801     
  -1.00000000000000        1.28339101548467     
   1.00000000000000        2.19743173206162     
  -1.00000000000000        2.97210999339157     
  -1.00000000000000        2.46067158094771     
  -1.00000000000000       6.379060812082571E-002
   1.00000000000000       -3.08914307927943     
   1.00000000000000       -4.09319352779869     
  -1.00000000000000       -2.47619731006979     
   1.00000000000000       -1.43795149257043     
   1.00000000000000       0.124743672088919     
   1.00000000000000        2.46838538745416     
   1.00000000000000        5.12944956889698     
  -1.00000000000000        7.28903522878191     
  -1.00000000000000        6.86315386573378     
   1.00000000000000        3.75249326737541     
  -1.00000000000000        1.36230953757603     
  -1.00000000000000      -0.974223552768084     
  -1.00000000000000       -4.00177075933700     
  -1.00000000000000       -6.92864232877951     
  -1.00000000000000       -9.14260131883206     
  -1.00000000000000       -10.3820900610894     
   1.00000000000000       -10.7447280967035     
  -1.00000000000000       -8.50049959775910     
   1.00000000000000       -5.64997472185258     
  -1.00000000000000       -2.18261344609387     
   1.00000000000000       0.196585990419726     
  -1.00000000000000        2.24401321942222     
   1.00000000000000        2.79004474581560     
   1.00000000000000        3.05493026956525     
   1.00000000000000        4.06029762331681     
   1.00000000000000        5.34422706042330     
  -1.00000000000000        6.60950110371887     
  -1.00000000000000        5.54191881923159     
  -1.00000000000000        2.18285928523729     
   1.00000000000000       -2.09432685021740     
   1.00000000000000       -4.08582883283943     
   1.00000000000000       -3.29203290209006     
   1.00000000000000      -0.655459664872054     
   1.00000000000000        2.84438109133746     
  -1.00000000000000        6.07283662941855     
  -1.00000000000000        6.57930442502278     
  -1.00000000000000        3.98948584771186     
  -1.00000000000000      -0.221273614284295     
  -1.00000000000000       -4.64696668131617     
   1.00000000000000       -8.32304208046956     
   1.00000000000000       -8.72599277213451     
  -1.00000000000000       -5.71880024615791     
  -1.00000000000000       -2.86229479545684     
   1.00000000000000       -1.91361804281306     
   1.00000000000000      -0.299621417069211     
  -1.00000000000000        2.39224980744271     
  -1.00000000000000        3.21714579819037     
  -1.00000000000000        1.56534927399287     
   1.00000000000000       -1.34845239403212     
  -1.00000000000000       -2.68704575429637     
   1.00000000000000       -3.56131659382215     
  -1.00000000000000       -3.04308503524408     
   1.00000000000000       -2.42713664727849     
   1.00000000000000       -1.09999744798317     
   1.00000000000000        1.66180542232159     
   1.00000000000000        4.77885662751663     
   1.00000000000000        7.53594642680465     
   1.00000000000000        9.55765266692631     
   1.00000000000000        10.7258402130225     
   1.00000000000000        10.8360808165168     
   1.00000000000000        10.2420911198663     
  -1.00000000000000        9.23658125623322     
   1.00000000000000        6.10450617493686     
  -1.00000000000000        3.12810480781546     
   1.00000000000000      -6.955348936958927E-004
  -1.00000000000000       -1.69685321268270     
   1.00000000000000       -3.10956026809887     
   1.00000000000000       -3.10013407891499     
   1.00000000000000       -1.10012035702624     
   1.00000000000000        2.00377054672086     
   1.00000000000000        5.33128953925282     
   1.00000000000000        8.23868785159838     
  -1.00000000000000        10.0529768395584     
   1.00000000000000        8.79987529093521     
  -1.00000000000000        6.57546189491318     
  -1.00000000000000        3.29283352269597     
   1.00000000000000       -1.18028227025388     
  -1.00000000000000       -3.62216599980031     
   1.00000000000000       -5.11179655056529     
   1.00000000000000       -4.64461339227377     
   1.00000000000000       -1.90798003419179     
   1.00000000000000        1.95376792770050     
  -1.00000000000000        5.77686006872460     
  -1.00000000000000        6.95280485811120     
   1.00000000000000        5.06087820471939     
   1.00000000000000        3.43372079464965     
  -1.00000000000000        3.20415809932889     
   1.00000000000000        1.72037268071778     
  -1.00000000000000       0.815872660804458     
  -1.00000000000000      -0.284411927583297     
   1.00000000000000       -2.45176139535715     
   1.00000000000000       -3.08634592133456     
   1.00000000000000       -1.44266740395167     
  -1.00000000000000        1.60284913581011     
  -1.00000000000000        2.87181395217619     
   1.00000000000000        1.58905859793748     
   1.00000000000000       0.978558475584170     
   1.00000000000000        1.78391823054939     
  -1.00000000000000        3.58650272906441     
   1.00000000000000        3.80612910467250     
  -1.00000000000000        3.61700494490136     
   1.00000000000000        2.23473105943022     
  -1.00000000000000        1.11618475845805     
   1.00000000000000      -0.317798806552505     
  -1.00000000000000      -0.880568383016889     
   1.00000000000000       -1.61334638072368     
   1.00000000000000       -1.30531315266901     
  -1.00000000000000       0.658372967738108     
   1.00000000000000        1.31573715814307     
  -1.00000000000000        2.09409369074186     
  -1.00000000000000        1.72690292813477     
   1.00000000000000      -0.631529813631748     
  -1.00000000000000       -1.77419170177808     
   1.00000000000000       -2.75080666497899     
   1.00000000000000       -2.41969161240476     
  -1.00000000000000      -4.770860208138705E-002
  -1.00000000000000        1.08253615075119     
   1.00000000000000       0.325885297134401     
  -1.00000000000000       0.294930477205722     
   1.00000000000000      -0.170362101062591     
   1.00000000000000       3.858293914766198E-002
  -1.00000000000000        1.80282097437998     
   1.00000000000000        2.29954369874703     
  -1.00000000000000        2.71545923728720     
  -1.00000000000000        1.92973659888094     
   1.00000000000000      -0.497719452999084     
   1.00000000000000       -1.66972354013678     
   1.00000000000000      -0.720138462997765     
  -1.00000000000000        1.52690081293310     
   1.00000000000000        2.27882151917618     
  -1.00000000000000        2.85883227543511     
   1.00000000000000        2.30512375795488     
  -1.00000000000000        1.98933998261898     
  -1.00000000000000       0.926736137236187     
  -1.00000000000000       -1.44640532741207     
  -1.00000000000000       -4.30769487685563     
  -1.00000000000000       -6.95851084915799     
   1.00000000000000       -8.94949721630441     
  -1.00000000000000       -8.23946682729402     
  -1.00000000000000       -6.54509350260278     
  -1.00000000000000       -5.73307416453829     
   1.00000000000000       -5.41167038488961     
   1.00000000000000       -3.77126657234995     
   1.00000000000000      -0.439678820773392     
   1.00000000000000        3.64144642599260     
   1.00000000000000        7.16165328429756     
   1.00000000000000        9.60080887189229     
  -1.00000000000000        11.0758778236359     
  -1.00000000000000        9.31809616380028     
   1.00000000000000        4.85608941741573     
   1.00000000000000        1.30234460410612     
  -1.00000000000000       4.153992589450839E-002
  -1.00000000000000       -1.43537374039072     
   1.00000000000000       -3.72826622657523     
   1.00000000000000       -4.10736770845467     
  -1.00000000000000       -2.01774444246715     
   1.00000000000000      -0.730909176557387     
  -1.00000000000000        1.02288230151084     
   1.00000000000000        1.51829928395167     
   1.00000000000000        2.00687546615622     
   1.00000000000000        3.47782289442717     
  -1.00000000000000        5.50655980042552     
  -1.00000000000000        5.40442935568939     
   1.00000000000000        2.78361344034012     
  -1.00000000000000       0.835657443882179     
  -1.00000000000000       -1.19963334298790     
  -1.00000000000000       -3.85693811819104     
   1.00000000000000       -6.15306878143049     
  -1.00000000000000       -6.12115119747498     
  -1.00000000000000       -5.35371049404918     
  -1.00000000000000       -5.23931861262819     
   1.00000000000000       -5.61536026131478     
   1.00000000000000       -4.39819553773307     
  -1.00000000000000       -1.08563152529650     
   1.00000000000000       0.779401080057433     
   1.00000000000000        2.20982403298743     
   1.00000000000000        4.24446111392980     
  -1.00000000000000        6.15077570362976     
  -1.00000000000000        5.82715561301459     
  -1.00000000000000        3.05502595113177     
  -1.00000000000000      -0.941978675407654     
  -1.00000000000000       -4.94423805539746     
   1.00000000000000       -8.41042304075928     
  -1.00000000000000       -8.64486590650205     
  -1.00000000000000       -7.53117131949630     
   1.00000000000000       -6.96630147745807     
  -1.00000000000000       -4.75393195556044     
   1.00000000000000       -2.80866905142860     
  -1.00000000000000      -0.322829160395229     
  -1.00000000000000       0.982715806655871     
  -1.00000000000000       2.214492552539771E-002
   1.00000000000000       -2.10545755668490     
   1.00000000000000       -2.59991299338722     
   1.00000000000000      -0.896868482640787     
  -1.00000000000000        1.99560884599465     
  -1.00000000000000        3.13393576122406     
  -1.00000000000000        1.82328810598668     
  -1.00000000000000      -0.901815606612169     
   1.00000000000000       -4.07225279432860     
  -1.00000000000000       -4.90022079232824     
  -1.00000000000000       -5.11808733226922     
  -1.00000000000000       -5.84788209834245     
  -1.00000000000000       -6.71573087303034     
   1.00000000000000       -7.29886390641664     
   1.00000000000000       -5.81396341988521     
  -1.00000000000000       -2.09346814818738     
   1.00000000000000       0.460064242270410     
   1.00000000000000        2.75047829895753     
  -1.00000000000000        5.31215695556413     
   1.00000000000000        5.62876595348070     
   1.00000000000000        5.08371521222170     
   1.00000000000000        5.27915925721503     
  -1.00000000000000        5.73792220630921     
   1.00000000000000        4.39273171655432     
  -1.00000000000000        3.19318229345487     
  -1.00000000000000        1.09709582123844     
   1.00000000000000       -1.98144077324213     
  -1.00000000000000       -3.22479696973829     
   1.00000000000000       -3.89772044285220     
  -1.00000000000000       -3.02793436061861     
  -1.00000000000000       -2.46794918742848     
   1.00000000000000       -3.28960176192813     
   1.00000000000000       -2.70688829043425     
  -1.00000000000000      -0.271579108372753     
  -1.00000000000000       0.911804889452617     
   1.00000000000000       0.102917156463404     
  -1.00000000000000      -3.168335426988689E-002
  -1.00000000000000      -0.639615189575669     
   1.00000000000000       -2.30745680141343     
  -1.00000000000000       -2.67785044489730     
  -1.00000000000000       -3.03970602384387     
  -1.00000000000000       -4.22446719054486     
  -1.00000000000000       -5.74916903400602     
