  -1.00000000000000       2.387924965420518E-002
   1.00000000000000      -5.442488529408724E-002
   1.00000000000000      -0.135016290292890     
  -1.00000000000000      -0.268577523700424     
  -1.00000000000000       -1.55114518672007     
  -1.00000000000000       -1.75311079570545     
   1.00000000000000       4.966073085731271E-003
  -1.00000000000000       0.794702470535849     
   1.00000000000000      -0.343969324696210     
  -1.00000000000000       -2.70905943773746     
   1.00000000000000       -3.36097436934108     
   1.00000000000000       -3.63295544415977     
   1.00000000000000       -2.41564144027701     
   1.00000000000000       -1.57721319669252     
  -1.00000000000000      -0.122881014900075     
   1.00000000000000        2.55150916139344     
  -1.00000000000000        5.33598990338852     
  -1.00000000000000        7.65072044904994     
   1.00000000000000        7.31536118712684     
  -1.00000000000000        6.18487249129958     
   1.00000000000000        3.65368528797619     
   1.00000000000000      -0.508099049620220     
   1.00000000000000       -3.02982678765815     
  -1.00000000000000       -4.72699909183346     
   1.00000000000000       -4.45281152933731     
   1.00000000000000       -1.89593776461124     
  -1.00000000000000        1.88873164703798     
   1.00000000000000        3.61601230517137     
   1.00000000000000        4.82270431874538     
   1.00000000000000        6.16737387672800     
  -1.00000000000000        5.48954527073789     
   1.00000000000000        4.74117777396633     
  -1.00000000000000        4.91057486696346     
   1.00000000000000        5.60438215918755     
   1.00000000000000        4.49033150223442     
  -1.00000000000000        3.27037708965217     
   1.00000000000000        1.24087950036093     
   1.00000000000000      -0.104407461067690     
  -1.00000000000000       0.516679312824466     
  -1.00000000000000       0.415667431876167     
  -1.00000000000000       0.888200616785497     
   1.00000000000000        2.54143283654556     
  -1.00000000000000        2.64096852801614     
  -1.00000000000000       0.737635229746296     
   1.00000000000000       -2.20241790762831     
   1.00000000000000       -3.51372499042882     
  -1.00000000000000       -4.09424595537449     
   1.00000000000000       -5.24492365522777     
   1.00000000000000       -4.26158293841233     
   1.00000000000000       -1.18484573416833     
   1.00000000000000       0.622968567652715     
  -1.00000000000000        2.09527653972269     
  -1.00000000000000        4.40526833041129     
  -1.00000000000000        6.78935528326589     
   1.00000000000000        8.63401680233879     
   1.00000000000000        7.54962104887416     
  -1.00000000000000        3.76116281528355     
  -1.00000000000000       -1.17862900411788     
   1.00000000000000       -3.75013617735013     
  -1.00000000000000       -3.19262449591494     
   1.00000000000000       -2.63956600576309     
  -1.00000000000000       -3.31147554338358     
   1.00000000000000       -2.51599884478249     
   1.00000000000000       -1.93606052688342     
   1.00000000000000      -0.761827257355847     
   1.00000000000000      -0.211924616690391     
  -1.00000000000000       0.897979576610297     
   1.00000000000000        3.05412594705714     
   1.00000000000000        5.42611243449491     
  -1.00000000000000        7.38773684969785     
   1.00000000000000        6.89009932302228     
  -1.00000000000000        5.59329246959284     
   1.00000000000000        4.95743882694890     
  -1.00000000000000        2.89556641292965     
  -1.00000000000000        1.28043449674741     
   1.00000000000000      -0.501184122517802     
   1.00000000000000       -1.12978160581120     
  -1.00000000000000       -1.84197353779201     
  -1.00000000000000       -3.45741726137604     
  -1.00000000000000       -3.45461441975739     
  -1.00000000000000       -1.36453138308113     
  -1.00000000000000      -6.853141862527545E-002
  -1.00000000000000      -0.742949592050200     
   1.00000000000000       -2.58305601793895     
   1.00000000000000       -4.65674295261947     
   1.00000000000000       -6.50300178207628     
   1.00000000000000       -8.03816622265163     
  -1.00000000000000       -7.16246339991997     
  -1.00000000000000       -3.59750135731831     
   1.00000000000000        1.09119708841373     
   1.00000000000000        5.79979695129571     
  -1.00000000000000        7.46922708897701     
  -1.00000000000000        5.71257740176753     
  -1.00000000000000        3.99620970996930     
   1.00000000000000        3.42767328759036     
   1.00000000000000        1.97423859653577     
  -1.00000000000000      -0.805183819622686     
   1.00000000000000       -4.21727554973557     
  -1.00000000000000       -5.27967933044225     
   1.00000000000000       -3.25999564095235     
   1.00000000000000       -1.54816171137478     
  -1.00000000000000       0.427594132485837     
  -1.00000000000000        1.24325184470994     
  -1.00000000000000        2.10461094247311     
   1.00000000000000        3.65877363063711     
   1.00000000000000        3.39797314051700     
  -1.00000000000000       0.951039241425458     
   1.00000000000000       -2.34918039664210     
  -1.00000000000000       -3.60048593649554     
  -1.00000000000000       -2.13580208546823     
  -1.00000000000000      -0.921878027512329     
   1.00000000000000       0.755863471296822     
  -1.00000000000000        1.24125858976298     
   1.00000000000000      -0.244260944773311     
   1.00000000000000       -2.78941343892485     
  -1.00000000000000       -3.57568787431565     
   1.00000000000000       -3.95225667433324     
   1.00000000000000       -2.97924935988061     
  -1.00000000000000      -0.166602942557230     
  -1.00000000000000        1.19005532217866     
   1.00000000000000        2.34711502418405     
  -1.00000000000000        4.19784475880830     
  -1.00000000000000        3.95638744089889     
  -1.00000000000000        1.47105097464482     
  -1.00000000000000      -0.152541346177422     
  -1.00000000000000       -1.73730453249776     
  -1.00000000000000       -3.95001717938180     
   1.00000000000000       -6.23103954199089     
   1.00000000000000       -7.95923200930531     
   1.00000000000000       -9.03108943529165     
  -1.00000000000000       -9.54435335158270     
   1.00000000000000       -7.34590530401586     
   1.00000000000000       -2.81459035159989     
   1.00000000000000        2.51863485754037     
  -1.00000000000000        5.16834397639131     
   1.00000000000000        6.45448343189070     
   1.00000000000000        7.57690350846546     
  -1.00000000000000        8.42210831618237     
   1.00000000000000        6.84251948012181     
  -1.00000000000000        4.95822988361052     
  -1.00000000000000        4.32923506901275     
   1.00000000000000        2.57088675152225     
   1.00000000000000        1.14780083906126     
   1.00000000000000      -0.472498999823850     
  -1.00000000000000       -3.14678892781675     
   1.00000000000000       -3.97407619913888     
   1.00000000000000       -2.37660597439651     
   1.00000000000000       0.609185131248515     
  -1.00000000000000        2.05292210296504     
   1.00000000000000        3.00846731651733     
   1.00000000000000        4.61919086347169     
  -1.00000000000000        6.18258525626317     
   1.00000000000000        5.35355821843455     
   1.00000000000000        4.16122559365552     
  -1.00000000000000        4.11278845846055     
  -1.00000000000000        2.71955186512141     
   1.00000000000000        1.63128945359007     
   1.00000000000000        1.95298686717424     
  -1.00000000000000        1.27247767082132     
  -1.00000000000000      -0.926561044224787     
   1.00000000000000       -1.74062784524998     
   1.00000000000000      -0.492355734084279     
   1.00000000000000       8.633862629488731E-002
   1.00000000000000      -0.956444331689740     
  -1.00000000000000       -1.03228418032218     
   1.00000000000000       0.600951411769040     
  -1.00000000000000        3.25520360054891     
   1.00000000000000        5.85841587501163     
  -1.00000000000000        5.96311443567725     
   1.00000000000000        5.32632765604411     
  -1.00000000000000        3.30987804034834     
  -1.00000000000000        1.72333007154694     
   1.00000000000000      -0.270760501898156     
  -1.00000000000000       -1.33531375486762     
  -1.00000000000000       -2.29653590383060     
   1.00000000000000       -3.97313366979179     
   1.00000000000000       -3.80786723282530     
   1.00000000000000       -3.53658434416837     
   1.00000000000000       -4.08925403990447     
   1.00000000000000       -3.05332181177027     
  -1.00000000000000      -0.126627654377532     
   1.00000000000000        3.48482883583547     
   1.00000000000000        6.74215523805973     
   1.00000000000000        9.28101916111407     
   1.00000000000000        8.71529604451763     
  -1.00000000000000        6.90439713799971     
  -1.00000000000000        5.85873021675198     
   1.00000000000000        5.47359488323522     
  -1.00000000000000        5.59822361546201     
   1.00000000000000        4.14118170596671     
   1.00000000000000       0.720041782233971     
   1.00000000000000       -1.25359976605521     
  -1.00000000000000       -2.88715788014966     
   1.00000000000000       -2.79289932749063     
   1.00000000000000      -0.506366299145590     
   1.00000000000000        2.51416862371176     
   1.00000000000000        3.57093407855188     
  -1.00000000000000        4.08011851397554     
  -1.00000000000000        5.08150602878465     
   1.00000000000000        6.14405899386210     
   1.00000000000000        7.18033558853271     
  -1.00000000000000        6.01608588150389     
  -1.00000000000000        2.46256645387553     
  -1.00000000000000      -2.054774710298624E-002
   1.00000000000000      -0.205148632895005     
  -1.00000000000000      -0.687730285613350     
  -1.00000000000000       -2.26335446529177     
   1.00000000000000       -4.53402287702528     
   1.00000000000000       -4.84237324964199     
   1.00000000000000       -4.68423333206666     
  -1.00000000000000       -4.90632830418692     
  -1.00000000000000       -3.54750988072442     
  -1.00000000000000      -0.517118774459928     
   1.00000000000000        3.26341807241957     
  -1.00000000000000        4.62199886639514     
   1.00000000000000        3.25365852487901     
   1.00000000000000       0.233251928249477     
  -1.00000000000000       -1.35877563030830     
  -1.00000000000000       -2.74742770843339     
  -1.00000000000000       -2.71622311461297     
  -1.00000000000000      -0.633255164568199     
  -1.00000000000000       0.317531820031152     
   1.00000000000000      -0.547349828026926     
   1.00000000000000       -2.53023873331991     
  -1.00000000000000       -4.90752380733184     
   1.00000000000000       -7.04558237888319     
  -1.00000000000000       -6.67283426922577     
  -1.00000000000000       -3.54586773532252     
  -1.00000000000000       -1.24030454620076     
   1.00000000000000        1.14658488578694     
  -1.00000000000000        1.94290333340235     
  -1.00000000000000       0.714431326690042     
  -1.00000000000000       -1.95681814664740     
  -1.00000000000000       -2.92212080406383     
   1.00000000000000       -3.55970456665446     
   1.00000000000000       -4.82314325240872     
  -1.00000000000000       -6.20905737598544     
   1.00000000000000       -7.21040259286853     
   1.00000000000000       -5.80371422338095     
  -1.00000000000000       -2.17515683625054     
   1.00000000000000       0.281495576362401     
  -1.00000000000000        2.56901700222832     
  -1.00000000000000        5.22410225595356     
   1.00000000000000        5.48940671949275     
  -1.00000000000000        5.10389996045192     
  -1.00000000000000        3.17947268902951     
  -1.00000000000000      -0.135667726331290     
  -1.00000000000000       -1.91178037676691     
   1.00000000000000       -3.40079518168331     
   1.00000000000000       -5.36530599792570     
  -1.00000000000000       -7.09590300198245     
  -1.00000000000000       -8.38051648893078     
   1.00000000000000       -7.27853385493572     
   1.00000000000000       -3.53665150049089     
  -1.00000000000000      -0.794134737816798     
   1.00000000000000      -0.216122130890859     
   1.00000000000000       0.809679154243304     
   1.00000000000000        2.90186474379363     
   1.00000000000000        3.04335797785400     
  -1.00000000000000        3.09924477237758     
   1.00000000000000        3.92391902556682     
  -1.00000000000000        5.21936899672445     
   1.00000000000000        6.78629336942413     
  -1.00000000000000        5.95923354136279     
  -1.00000000000000        4.92366668187571     
   1.00000000000000        2.65724289989261     
  -1.00000000000000        1.02336681892254     
  -1.00000000000000       -1.08547155649516     
  -1.00000000000000       -3.82572543816771     
   1.00000000000000       -4.41863948330698     
   1.00000000000000       -4.54380184116893     
  -1.00000000000000       -5.40046379983695     
   1.00000000000000       -6.44474645079901     
   1.00000000000000       -5.42168992272402     
  -1.00000000000000       -2.17936529508931     
   1.00000000000000      -6.020611560560818E-002
   1.00000000000000        1.98516599058228     
  -1.00000000000000        4.44643701831740     
   1.00000000000000        4.80560457970875     
  -1.00000000000000        4.54788895416065     
   1.00000000000000        4.87334905234319     
   1.00000000000000        3.60611610641208     
  -1.00000000000000        2.56349235437952     
  -1.00000000000000       0.946037203120341     
  -1.00000000000000       0.158137951186729     
   1.00000000000000       0.959323507701456     
  -1.00000000000000       0.786062648143935     
  -1.00000000000000      -0.815966406003053     
  -1.00000000000000       -3.57320115285160     
   1.00000000000000       -4.27814412645408     
   1.00000000000000       -4.49030645454054     
  -1.00000000000000       -5.10574911597297     
  -1.00000000000000       -5.91268584294000     
   1.00000000000000       -4.80846664359134     
   1.00000000000000       -1.49141313592209     
   1.00000000000000       0.588916404079549     
  -1.00000000000000       0.339935780551968     
  -1.00000000000000       0.478001196150733     
   1.00000000000000        2.00396808271411     
  -1.00000000000000        4.18030615047094     
  -1.00000000000000        4.51083007102896     
  -1.00000000000000        2.30261424472748     
  -1.00000000000000       0.807686875693436     
   1.00000000000000      -0.747996589587318     
   1.00000000000000       -3.29843631314141     
  -1.00000000000000       -5.97674131651215     
   1.00000000000000       -8.29926318242436     
  -1.00000000000000       -7.66724170659890     
  -1.00000000000000       -4.26689469022437     
   1.00000000000000       -1.58458494014990     
  -1.00000000000000       0.949543708924194     
  -1.00000000000000        2.15137542948062     
  -1.00000000000000       0.911246694871502     
   1.00000000000000       0.429640635056465     
   1.00000000000000      -0.534676045188053     
  -1.00000000000000       -2.65417680900821     
  -1.00000000000000       -5.12626496971893     
   1.00000000000000       -5.38333171844317     
  -1.00000000000000       -2.99070693885601     
   1.00000000000000       -1.20288910685136     
  -1.00000000000000       -1.40847770455341     
  -1.00000000000000      -0.813824569026761     
  -1.00000000000000      -0.828028674672319     
  -1.00000000000000      -0.517802291894421     
   1.00000000000000      -0.753514203520889     
   1.00000000000000       -1.96089060783120     
   1.00000000000000       -4.02463494249648     
   1.00000000000000       -6.12039294297948     
   1.00000000000000       -5.87677967086700     
  -1.00000000000000       -3.19038641259953     
  -1.00000000000000       0.825890132880406     
   1.00000000000000        5.08728724198336     
  -1.00000000000000        8.29128433498986     
  -1.00000000000000        8.28099226526638     
  -1.00000000000000        5.15750521556278     
  -1.00000000000000        2.48077093541078     
   1.00000000000000      -0.349358361096925     
  -1.00000000000000       -3.85405713533039     
   1.00000000000000       -7.05719980168022     
  -1.00000000000000       -9.48863513918563     
  -1.00000000000000       -8.78293087663708     
  -1.00000000000000       -7.14656616510538     
  -1.00000000000000       -4.02222206637093     
   1.00000000000000       -1.68249173507277     
  -1.00000000000000       -1.04211418508835     
  -1.00000000000000       -1.90979826123021     
   1.00000000000000       -3.64741073258240     
   1.00000000000000       -3.62617276016027     
   1.00000000000000       -3.26276451669594     
  -1.00000000000000       -3.66226431238127     
   1.00000000000000       -2.61619908191689     
  -1.00000000000000       4.853023584409222E-002
   1.00000000000000        3.46018062787415     
  -1.00000000000000        4.64661027348202     
   1.00000000000000        5.02624040388096     
   1.00000000000000        3.72856243788047     
   1.00000000000000        2.42831195600580     
  -1.00000000000000       0.563515878315255     
  -1.00000000000000      -0.380913758974303     
  -1.00000000000000       0.476759044463898     
   1.00000000000000        2.46223178142340     
  -1.00000000000000        2.74958086656787     
   1.00000000000000        1.00422232163868     
  -1.00000000000000       -1.93080919427970     
  -1.00000000000000       -3.17526900227131     
  -1.00000000000000       -4.13103208343423     
  -1.00000000000000       -3.54614401728423     
  -1.00000000000000       -3.07862502676094     
   1.00000000000000       -3.61359442577102     
   1.00000000000000       -4.73659422304189     
   1.00000000000000       -6.16066004783336     
  -1.00000000000000       -7.24630565832371     
  -1.00000000000000       -6.00760227798198     
   1.00000000000000       -2.39845371398047     
  -1.00000000000000        2.10073977595107     
  -1.00000000000000        4.38247279518107     
   1.00000000000000        3.57379016616447     
  -1.00000000000000        2.78622290524136     
   1.00000000000000        1.08613649078236     
  -1.00000000000000       -1.75058900458606     
   1.00000000000000       -2.99206673071841     
  -1.00000000000000       -3.71263010766594     
  -1.00000000000000       -2.86462965796179     
   1.00000000000000       -2.21471455919972     
  -1.00000000000000      -0.943739812651395     
  -1.00000000000000      -0.258027005964373     
   1.00000000000000       -1.25724058443429     
   1.00000000000000       -1.23362954725395     
  -1.00000000000000       -1.52410725648548     
   1.00000000000000       -2.95731451239929     
  -1.00000000000000       -2.71785177319032     
  -1.00000000000000      -0.578263724941935     
   1.00000000000000       0.575752919077047     
   1.00000000000000        1.85962555964612     
   1.00000000000000        1.92119184195645     
  -1.00000000000000       0.373136808327208     
   1.00000000000000      -0.328397317313391     
   1.00000000000000       0.645055064315140     
   1.00000000000000        2.78702469651558     
  -1.00000000000000        3.35150774316892     
  -1.00000000000000        3.52963173091366     
  -1.00000000000000        4.46989930269118     
  -1.00000000000000        5.58813279488930     
  -1.00000000000000        4.71449372241990     
   1.00000000000000        1.76331613403204     
  -1.00000000000000       -2.06251060258027     
   1.00000000000000       -5.91828551853164     
  -1.00000000000000       -8.93663737488763     
  -1.00000000000000       -8.63194413747122     
   1.00000000000000       -6.97211685842482     
  -1.00000000000000       -3.95629702705065     
   1.00000000000000       -1.46351237733711     
  -1.00000000000000      -0.720972369764906     
  -1.00000000000000       0.555673257747888     
   1.00000000000000       0.870543342893000     
   1.00000000000000        1.47377935724311     
  -1.00000000000000        1.03156485270553     
  -1.00000000000000       -1.05866706643556     
   1.00000000000000       -1.82278758454987     
  -1.00000000000000      -0.353059774632465     
  -1.00000000000000       0.318074205460084     
  -1.00000000000000      -0.794966467844210     
  -1.00000000000000      -0.862689225015380     
   1.00000000000000       -1.23715899467260     
   1.00000000000000       -2.84105127239436     
  -1.00000000000000       -5.09977393903391     
   1.00000000000000       -7.01237400227566     
  -1.00000000000000       -6.68636367358679     
   1.00000000000000       -3.40952784016220     
  -1.00000000000000      -0.793029487113862     
  -1.00000000000000        1.65795670435820     
   1.00000000000000        2.55536392607683     
   1.00000000000000        3.21048061997555     
   1.00000000000000        2.47721806677373     
  -1.00000000000000      -0.115274285521203     
   1.00000000000000       -1.41359219310735     
   1.00000000000000      -0.625028532897932     
  -1.00000000000000        1.51337477301854     
   1.00000000000000        2.34254037511422     
  -1.00000000000000        2.86477471216080     
   1.00000000000000        4.10747490396286     
   1.00000000000000        3.60032248438731     
  -1.00000000000000        3.03724125275956     
  -1.00000000000000        1.55131767307150     
   1.00000000000000       0.569439427132713     
  -1.00000000000000        1.15788466183937     
   1.00000000000000        1.07312849174220     
   1.00000000000000      -0.639959537955281     
  -1.00000000000000       -1.27840690989618     
   1.00000000000000       -2.05791356715284     
   1.00000000000000       -1.74832034909356     
  -1.00000000000000       0.417011227097557     
  -1.00000000000000        1.43741792846454     
   1.00000000000000        2.57851518200130     
  -1.00000000000000        4.29986651885105     
   1.00000000000000        4.05924723481554     
  -1.00000000000000        1.56600019800420     
  -1.00000000000000       0.123043530249095     
  -1.00000000000000       -1.48428049927571     
   1.00000000000000       -1.78895747614869     
  -1.00000000000000       -2.17459823993496     
  -1.00000000000000       -3.55196969630426     
  -1.00000000000000       -5.41928780745025     
  -1.00000000000000       -5.16451752874533     
  -1.00000000000000       -4.49406251263943     
   1.00000000000000       -4.60012843869223     
  -1.00000000000000       -5.31082342103978     
   1.00000000000000       -6.37569698990278     
  -1.00000000000000       -7.39729045754615     
  -1.00000000000000       -6.06167012807321     
  -1.00000000000000       -4.45239887009436     
  -1.00000000000000       -2.00493935278732     
   1.00000000000000      -0.421548511949907     
  -1.00000000000000      -0.612331955830036     
  -1.00000000000000       -2.09835480685746     
  -1.00000000000000       -4.14195931060322     
  -1.00000000000000       -4.40301398477521     
   1.00000000000000       -4.15655918874797     
  -1.00000000000000       -4.63154159478188     
  -1.00000000000000       -5.63873929717327     
   1.00000000000000       -6.81649591955399     
   1.00000000000000       -5.66714101692196     
  -1.00000000000000       -4.23607268143749     
  -1.00000000000000       -3.72790482136698     
   1.00000000000000       -2.04025028946099     
  -1.00000000000000        1.14323809901787     
   1.00000000000000        2.80907192377528     
  -1.00000000000000        2.04764318117687     
   1.00000000000000        1.48044782044385     
   1.00000000000000       0.465060761947760     
  -1.00000000000000       0.202764056226225     
  -1.00000000000000      -0.578076901205117     
   1.00000000000000      -0.358343208418503     
   1.00000000000000        1.47451177720361     
   1.00000000000000        1.96132501284469     
   1.00000000000000       0.393058701559257     
  -1.00000000000000      -0.350593870101019     
   1.00000000000000       0.599531070212038     
   1.00000000000000        2.83897013348711     
   1.00000000000000        5.42137423709764     
   1.00000000000000        5.63377391547297     
  -1.00000000000000        5.11351219477295     
   1.00000000000000        5.19759033111954     
  -1.00000000000000        5.74244145723576     
  -1.00000000000000        6.45351922460753     
   1.00000000000000        5.11319126217664     
  -1.00000000000000        3.66329785948897     
  -1.00000000000000        1.37525527930262     
  -1.00000000000000       -1.92843415070742     
  -1.00000000000000       -3.18525869770123     
  -1.00000000000000       -3.96148889009569     
   1.00000000000000       -5.15571945470088     
  -1.00000000000000       -6.52169537502801     
  -1.00000000000000       -7.54066791049304     
   1.00000000000000       -8.33185942868551     
  -1.00000000000000       -6.65218324394563     
   1.00000000000000       -4.54764877677979     
   1.00000000000000       -3.63221621537918     
   1.00000000000000       -1.83019291746770     
   1.00000000000000      -0.722613629536525     
  -1.00000000000000       0.658116627223813     
   1.00000000000000        3.04757294002332     
  -1.00000000000000        5.78619744173653     
  -1.00000000000000        8.03670010471246     
   1.00000000000000        7.51397116401129     
   1.00000000000000        6.06554039908701     
  -1.00000000000000        3.27379258416871     
   1.00000000000000      -0.994056603563497     
   1.00000000000000       -3.19148642654134     
   1.00000000000000       -2.63824347689293     
  -1.00000000000000       -2.35798930170252     
  -1.00000000000000       -1.09665595481427     
   1.00000000000000        1.53392156093604     
   1.00000000000000        4.60425381878066     
   1.00000000000000        5.49800799226350     
   1.00000000000000        3.64010773874320     
   1.00000000000000        2.14302549273717     
   1.00000000000000        2.22842761504572     
  -1.00000000000000        3.48559308709169     
  -1.00000000000000        5.10450875660326     
   1.00000000000000        6.60984785254052     
  -1.00000000000000        7.74970308248617     
   1.00000000000000        6.51179474755246     
   1.00000000000000        2.90538745352300     
   1.00000000000000       0.227009561705405     
   1.00000000000000       -2.12097685916934     
  -1.00000000000000       -2.82769007634324     
   1.00000000000000       -1.23638912224621     
   1.00000000000000        1.59794063411915     
   1.00000000000000        4.82871928968783     
  -1.00000000000000        5.57236297428488     
  -1.00000000000000        5.39896900242911     
   1.00000000000000        5.90516910778303     
   1.00000000000000        6.65868286131953     
   1.00000000000000        5.32049495175524     
  -1.00000000000000        1.71155158139043     
  -1.00000000000000      -0.576409784080570     
   1.00000000000000      -0.403376469401341     
  -1.00000000000000        1.34089601530219     
   1.00000000000000        1.92070216338080     
   1.00000000000000       0.558134974348214     
  -1.00000000000000       0.109345651065837     
  -1.00000000000000      -0.776743624928399     
   1.00000000000000      -0.722429036371412     
  -1.00000000000000       0.989583009558724     
   1.00000000000000        1.44564522866539     
  -1.00000000000000      -0.118353375680330     
  -1.00000000000000      -0.823099073251148     
  -1.00000000000000       -1.65524751433660     
   1.00000000000000       -1.53104480957727     
   1.00000000000000       -1.68189615859466     
  -1.00000000000000       -2.99179709688355     
  -1.00000000000000       -4.77357022268707     
  -1.00000000000000       -4.83022150924781     
  -1.00000000000000       -2.35026249086796     
  -1.00000000000000      -0.691424932997156     
   1.00000000000000       -1.01660510077995     
  -1.00000000000000       -2.55452915138983     
   1.00000000000000       -4.59992116256712     
   1.00000000000000       -6.55973679708398     
  -1.00000000000000       -6.16773233877969     
   1.00000000000000       -5.37546074242302     
   1.00000000000000       -3.22605098104028     
   1.00000000000000       0.668881045996035     
  -1.00000000000000        2.78720734399104     
  -1.00000000000000        4.16350582888406     
   1.00000000000000        5.83152811959219     
   1.00000000000000        7.23862590372970     
  -1.00000000000000        6.10137017715043     
  -1.00000000000000        2.54091555326461     
   1.00000000000000       6.534869078344130E-002
   1.00000000000000      -0.198960012573957     
   1.00000000000000      -0.894654382283922     
   1.00000000000000       -2.71108075669986     
   1.00000000000000       -2.88612082755286     
  -1.00000000000000      -0.867826383167529     
  -1.00000000000000        2.17777793961680     
   1.00000000000000        5.30400528942482     
   1.00000000000000        8.04492534961064     
  -1.00000000000000        7.83551779069872     
  -1.00000000000000        4.49519413110440     
  -1.00000000000000        1.76633390926719     
   1.00000000000000        1.10195692045544     
  -1.00000000000000      -0.106975013398786     
   1.00000000000000       -2.38603741898861     
  -1.00000000000000       -5.13525104152593     
  -1.00000000000000       -5.50470153180324     
  -1.00000000000000       -5.12620972413849     
  -1.00000000000000       -3.38848596844380     
   1.00000000000000       -1.94980177652259     
  -1.00000000000000       -2.13261670582252     
   1.00000000000000       -3.24660772839465     
  -1.00000000000000       -5.00025063060195     
  -1.00000000000000       -4.73676481517865     
  -1.00000000000000       -4.12378311213953     
   1.00000000000000       -2.22502896072862     
   1.00000000000000      -0.872765691312977     
  -1.00000000000000       -1.10911069740338     
   1.00000000000000       -2.51025153704210     
   1.00000000000000       -2.68278977118072     
   1.00000000000000      -0.726256010004403     
  -1.00000000000000       0.305729804411799     
  -1.00000000000000        1.38774202190464     
  -1.00000000000000        3.49809158067440     
  -1.00000000000000        5.79774530345008     
  -1.00000000000000        5.62903264907194     
  -1.00000000000000        3.11341321706864     
   1.00000000000000      -0.914060573138040     
  -1.00000000000000       -4.92800585986826     
   1.00000000000000       -8.26589920131173     
   1.00000000000000       -10.4941414296708     
   1.00000000000000       -9.44202954600357     
  -1.00000000000000       -7.22878074741187     
   1.00000000000000       -3.57240894046238     
   1.00000000000000        1.24907461913860     
   1.00000000000000        5.83751242325617     
   1.00000000000000        7.39560359026281     
   1.00000000000000        7.53568140577177     
   1.00000000000000        7.92069982222842     
   1.00000000000000        8.07749158545625     
   1.00000000000000        8.14727290930010     
   1.00000000000000        7.99338131329255     
  -1.00000000000000        7.49137815305344     
  -1.00000000000000        7.40184672807073     
  -1.00000000000000        7.27794425470906     
   1.00000000000000        7.21991912529880     
  -1.00000000000000        5.35356215536508     
   1.00000000000000        1.46993492502200     
   1.00000000000000       -3.11770249517223     
   1.00000000000000       -5.07640922801934     
   1.00000000000000       -5.89351038662355     
   1.00000000000000       -4.72768036275327     
   1.00000000000000       -1.44343566348911     
  -1.00000000000000        2.54118192976937     
  -1.00000000000000        6.38687951755414     
   1.00000000000000        9.52734940645175     
  -1.00000000000000        11.4301288089474     
   1.00000000000000        9.88170256483376     
  -1.00000000000000        5.36412484489571     
  -1.00000000000000        1.65878328250510     
  -1.00000000000000       -1.74684900896745     
  -1.00000000000000       -3.36001289569273     
   1.00000000000000       -4.28699934127885     
  -1.00000000000000       -5.66543024139210     
   1.00000000000000       -7.12427428975448     
  -1.00000000000000       -8.14777757584795     
  -1.00000000000000       -6.84583313633216     
  -1.00000000000000       -4.99096761101253     
  -1.00000000000000       -2.12251289853826     
   1.00000000000000      -0.221864240259983     
  -1.00000000000000      -0.313480984956093     
   1.00000000000000       -1.89153247953874     
   1.00000000000000       -4.13429169873848     
   1.00000000000000       -4.23919920017859     
  -1.00000000000000       -4.05320098286733     
   1.00000000000000       -2.59166796831750     
  -1.00000000000000       0.392124199153754     
  -1.00000000000000        4.05361348992105     
   1.00000000000000        5.18638375810090     
  -1.00000000000000        5.35353048390233     
   1.00000000000000        4.05948724634423     
   1.00000000000000       0.840923206736004     
   1.00000000000000       -1.18501201491835     
  -1.00000000000000       -2.90581953915795     
   1.00000000000000       -2.96337049269430     
   1.00000000000000      -0.915210386587858     
  -1.00000000000000        2.21699285223410     
  -1.00000000000000        3.51099162665446     
  -1.00000000000000        4.21527004604756     
   1.00000000000000        5.51377163935483     
   1.00000000000000        4.86420745548341     
  -1.00000000000000        1.99202926000512     
  -1.00000000000000       -1.85596034516964     
  -1.00000000000000       -3.69514936977834     
  -1.00000000000000       -2.69936261616165     
  -1.00000000000000       -2.00892519964902     
   1.00000000000000       -2.50162588684530     
   1.00000000000000       -3.79943560296818     
   1.00000000000000       -5.49955032522747     
  -1.00000000000000       -6.93062123286159     
  -1.00000000000000       -5.93225261343878     
  -1.00000000000000       -2.55651571971710     
  -1.00000000000000        1.72872675729146     
  -1.00000000000000        4.00034673194331     
  -1.00000000000000        3.40223336589068     
   1.00000000000000       0.941330444242567     
  -1.00000000000000       -2.50714753360997     
  -1.00000000000000       -5.83155007245117     
   1.00000000000000       -8.71677667718025     
   1.00000000000000       -8.51399778170818     
   1.00000000000000       -7.20676866960173     
  -1.00000000000000       -6.41259518239142     
   1.00000000000000       -4.00601957741261     
   1.00000000000000      -0.209348143484885     
   1.00000000000000        3.88284955326602     
  -1.00000000000000        5.55023836911545     
  -1.00000000000000        5.85456403920299     
  -1.00000000000000        6.32524237700411     
  -1.00000000000000        6.83642541258808     
   1.00000000000000        5.34016012052522     
   1.00000000000000        1.90337872104979     
  -1.00000000000000       -2.33782656119181     
  -1.00000000000000       -6.19671497578318     
  -1.00000000000000       -7.14190174816684     
   1.00000000000000       -4.81408221251810     
  -1.00000000000000       -2.89649989706844     
  -1.00000000000000       -2.43196452308760     
   1.00000000000000       -3.06215386792220     
  -1.00000000000000       -2.31052872572167     
   1.00000000000000       -2.00263558327698     
   1.00000000000000       -2.88077881574136     
  -1.00000000000000       -2.43854182951892     
  -1.00000000000000       -2.06679756172309     
   1.00000000000000      -0.756296259882266     
  -1.00000000000000        1.91591760817790     
   1.00000000000000        2.88347834696254     
  -1.00000000000000        1.53398441807439     
   1.00000000000000       0.769060100803325     
   1.00000000000000      -0.506694687105234     
  -1.00000000000000      -0.895769961722230     
  -1.00000000000000       -1.47043887165617     
  -1.00000000000000       -1.09111124028926     
  -1.00000000000000       0.928320360190375     
  -1.00000000000000        1.67361232813281     
   1.00000000000000       0.341876092467590     
   1.00000000000000       -2.24076196854871     
  -1.00000000000000       -5.18494232078697     
  -1.00000000000000       -7.66701155562647     
   1.00000000000000       -7.46952979670786     
   1.00000000000000       -4.18561101537477     
   1.00000000000000       -1.70798871686680     
   1.00000000000000       -1.10048062665802     
   1.00000000000000      -1.275770795069864E-002
  -1.00000000000000        2.06284769144230     
  -1.00000000000000        4.63642639324991     
  -1.00000000000000        6.96224821448166     
   1.00000000000000        8.69847143941604     
  -1.00000000000000        7.72018756218314     
   1.00000000000000        3.93250114815912     
   1.00000000000000       -1.05904398748470     
  -1.00000000000000       -3.94384011873842     
  -1.00000000000000       -5.85187699934204     
  -1.00000000000000       -5.81379536043066     
  -1.00000000000000       -2.89906824732368     
  -1.00000000000000      -0.702847444050531     
  -1.00000000000000      -0.582314870467693     
  -1.00000000000000       -1.97895631156669     
   1.00000000000000       -4.17328925687724     
  -1.00000000000000       -6.39494616066012     
   1.00000000000000       -8.27271177281039     
   1.00000000000000       -9.46890277022320     
  -1.00000000000000       -7.85089675089121     
  -1.00000000000000       -5.66643964483908     
   1.00000000000000       -2.59730194069105     
   1.00000000000000        1.63091680901857     
   1.00000000000000        3.75925893126983     
   1.00000000000000        2.98659840055579     
   1.00000000000000        2.38677322692494     
   1.00000000000000        2.98180898539042     
   1.00000000000000        4.26417060613011     
  -1.00000000000000        5.73401056995443     
  -1.00000000000000        7.25386716998282     
  -1.00000000000000        8.41324933512006     
   1.00000000000000        9.12800864072936     
   1.00000000000000        7.16097164869100     
  -1.00000000000000        2.76203695109356     
   1.00000000000000       -2.44843383626488     
  -1.00000000000000       -5.10840935884119     
  -1.00000000000000       -4.36935855981760     
   1.00000000000000       -3.38776340634150     
  -1.00000000000000       -1.72449050206374     
  -1.00000000000000      -0.718199243562685     
   1.00000000000000       -1.42950168826441     
  -1.00000000000000       -1.23305320975781     
  -1.00000000000000       -1.26144675078590     
   1.00000000000000       -2.79386655723546     
   1.00000000000000       -2.95570697383752     
   1.00000000000000       -2.85922808588297     
   1.00000000000000       -3.74488209734397     
   1.00000000000000       -3.23574646191252     
   1.00000000000000      -0.880225921144899     
   1.00000000000000        2.43480137276502     
  -1.00000000000000        5.87933238534174     
  -1.00000000000000        8.58104651830188     
  -1.00000000000000        10.2739687728175     
  -1.00000000000000        11.1192561977786     
   1.00000000000000        9.06280539732060     
   1.00000000000000        4.29787334958553     
   1.00000000000000       -1.49290731718922     
   1.00000000000000       -6.76138085199683     
   1.00000000000000       -8.52533127067170     
   1.00000000000000       -6.68197057516520     
   1.00000000000000       -2.60257827211411     
   1.00000000000000        2.27310831201486     
   1.00000000000000        6.88376218862005     
  -1.00000000000000        10.3262405512083     
  -1.00000000000000        12.1290463450702     
   1.00000000000000        12.6939997771603     
  -1.00000000000000        12.3030981023076     
   1.00000000000000        9.05977471020779     
   1.00000000000000        3.46555611328067     
  -1.00000000000000      -0.584465790094618     
   1.00000000000000       -3.84976450442231     
  -1.00000000000000       -4.88951408603004     
  -1.00000000000000       -3.15116263910884     
   1.00000000000000       -1.73749569277221     
  -1.00000000000000       9.165917511824384E-002
  -1.00000000000000       0.938315794103039     
  -1.00000000000000      -0.157305273190293     
   1.00000000000000      -0.402789205835763     
  -1.00000000000000       -1.05004614967813     
   1.00000000000000       -2.76079870047659     
   1.00000000000000       -4.88468456723032     
   1.00000000000000       -4.93384925433618     
   1.00000000000000       -4.52825017828330     
   1.00000000000000       -2.70622330621504     
  -1.00000000000000       0.636338733750618     
  -1.00000000000000        4.50016803912497     
  -1.00000000000000        7.69488736602273     
  -1.00000000000000        9.84609931036007     
   1.00000000000000        8.83794963265876     
  -1.00000000000000        4.77799070875977     
  -1.00000000000000      -0.489703529121547     
  -1.00000000000000       -5.38560464482827     
  -1.00000000000000       -7.24950646704770     
  -1.00000000000000       -7.55886865576523     
  -1.00000000000000       -7.77161438593450     
  -1.00000000000000       -8.01477152086714     
   1.00000000000000       -8.25793443107022     
   1.00000000000000       -8.20806874752175     
  -1.00000000000000       -8.08374962544102     
   1.00000000000000       -7.89835911748486     
  -1.00000000000000       -5.74649331545865     
  -1.00000000000000       -1.69499924130484     
  -1.00000000000000        1.08795036715279     
  -1.00000000000000        3.26468172431882     
  -1.00000000000000        3.75861783534525     
  -1.00000000000000        1.89352280311765     
  -1.00000000000000       -1.36651451831491     
   1.00000000000000       -4.87385354601597     
   1.00000000000000       -7.78309403671363     
  -1.00000000000000       -9.75118313971293     
   1.00000000000000       -10.7179892435370     
   1.00000000000000       -8.65481861817292     
  -1.00000000000000       -3.91941283124857     
   1.00000000000000      -0.225313607860373     
   1.00000000000000        3.03626669778531     
  -1.00000000000000        6.16756440697780     
   1.00000000000000        6.86179051351609     
   1.00000000000000        6.45905997323442     
   1.00000000000000        6.47924755117058     
   1.00000000000000        4.63131224090541     
   1.00000000000000        3.19529339222336     
  -1.00000000000000        3.00534510787474     
  -1.00000000000000        3.81561640779150     
  -1.00000000000000        5.10130660990167     
  -1.00000000000000        6.42791106072711     
   1.00000000000000        5.39945578104627     
   1.00000000000000        2.20888595337647     
   1.00000000000000       -1.74757702021766     
  -1.00000000000000       -5.62407231786521     
  -1.00000000000000       -6.83469693506708     
   1.00000000000000       -4.99082112957052     
   1.00000000000000       -1.25479772351410     
   1.00000000000000        1.21152324971910     
   1.00000000000000        1.34436805671375     
  -1.00000000000000        1.60028727355085     
   1.00000000000000        3.10368772818277     
   1.00000000000000        5.11201587982147     
   1.00000000000000        6.97232691726858     
   1.00000000000000        6.42344070571125     
   1.00000000000000        5.33422514672988     
   1.00000000000000        5.13653055438603     
   1.00000000000000        5.42737204505510     
   1.00000000000000        6.01390425207876     
  -1.00000000000000        6.58784996390723     
  -1.00000000000000        7.31752901704296     
   1.00000000000000        7.79302443358869     
   1.00000000000000        8.10923773014788     
   1.00000000000000        6.30298608612752     
   1.00000000000000        2.27970762637746     
  -1.00000000000000      -0.489396669651705     
   1.00000000000000      -0.787548976698836     
  -1.00000000000000       0.713886826521274     
  -1.00000000000000        3.16241687315658     
  -1.00000000000000        3.76408759011430     
   1.00000000000000        3.99244354358139     
   1.00000000000000        3.01158771018633     
   1.00000000000000       0.126414410205536     
  -1.00000000000000       -3.66740017597392     
  -1.00000000000000       -5.06271108505542     
   1.00000000000000       -3.51742477450752     
   1.00000000000000      -0.216916404148439     
   1.00000000000000        1.65262578704513     
  -1.00000000000000        1.16126085914976     
  -1.00000000000000        1.11326549119026     
   1.00000000000000        2.46783937256653     
   1.00000000000000        4.29709318155795     
  -1.00000000000000        4.27429532364145     
  -1.00000000000000        1.74465552935813     
  -1.00000000000000       0.124043977512050     
   1.00000000000000       0.433279348116604     
  -1.00000000000000      -8.499244470484379E-002
  -1.00000000000000       -2.07153106527605     
  -1.00000000000000       -4.60497915755596     
  -1.00000000000000       -4.97850317306213     
   1.00000000000000       -4.64286570998499     
   1.00000000000000       -5.04862485346076     
   1.00000000000000       -5.79842989314993     
   1.00000000000000       -6.74983116111906     
  -1.00000000000000       -5.73013417201272     
   1.00000000000000       -2.43670727611610     
   1.00000000000000        2.06609476141326     
   1.00000000000000        6.31465061541838     
  -1.00000000000000        7.61914286934561     
  -1.00000000000000        7.63049228601395     
  -1.00000000000000        7.47945441457511     
  -1.00000000000000        7.34950473747636     
  -1.00000000000000        5.23941136435550     
  -1.00000000000000        1.29049674948093     
   1.00000000000000       -3.26059463708735     
   1.00000000000000       -7.11969595284881     
   1.00000000000000       -9.92989520755489     
   1.00000000000000       -11.2903466642350     
  -1.00000000000000       -9.37308327061929     
  -1.00000000000000       -4.58699403566046     
   1.00000000000000        1.22832944401693     
  -1.00000000000000        6.52772643254719     
   1.00000000000000        8.33304520001081     
  -1.00000000000000        6.35439651424704     
  -1.00000000000000        4.01715353580432     
   1.00000000000000        1.26627634820596     
   1.00000000000000      -0.382725121430319     
  -1.00000000000000       -2.05216359779975     
  -1.00000000000000       -4.10248595558974     
   1.00000000000000       -4.25989007346980     
  -1.00000000000000       -2.08765635575944     
   1.00000000000000      -0.723043176098297     
  -1.00000000000000       -1.17653210109904     
   1.00000000000000      -0.789220922501725     
   1.00000000000000      -0.769084083599670     
   1.00000000000000      -0.130332616643798     
  -1.00000000000000      -8.215534356759069E-002
  -1.00000000000000       0.356871838160651     
   1.00000000000000        2.06707107924120     
  -1.00000000000000        4.38397119510260     
   1.00000000000000        4.61691400501139     
  -1.00000000000000        2.37097880852491     
  -1.00000000000000       0.770985892088471     
  -1.00000000000000      -0.886154746205063     
  -1.00000000000000       -1.35143208635757     
  -1.00000000000000       -1.94126211996876     
  -1.00000000000000       -3.68243424013348     
   1.00000000000000       -5.77938187803712     
  -1.00000000000000       -7.77856761724861     
   1.00000000000000       -9.23711143782883     
  -1.00000000000000       -9.96844823189976     
   1.00000000000000       -8.04435192286339     
  -1.00000000000000       -5.71595686658636     
   1.00000000000000       -2.34975023936071     
   1.00000000000000       9.164574638681966E-002
  -1.00000000000000        2.45336858414655     
  -1.00000000000000        3.24708951470054     
   1.00000000000000        3.75808717358973     
   1.00000000000000        4.77453406608135     
  -1.00000000000000        3.88812230984278     
  -1.00000000000000        1.03384327445482     
   1.00000000000000      -0.749529507377333     
  -1.00000000000000      -0.262469235460954     
   1.00000000000000      -0.386995429748368     
   1.00000000000000       -1.89148019968826     
   1.00000000000000       -2.08066810073325     
   1.00000000000000       -2.50937133278003     
  -1.00000000000000       -1.74238771012110     
   1.00000000000000       0.730881871543695     
  -1.00000000000000        3.87100940961942     
  -1.00000000000000        6.80929253921358     
   1.00000000000000        6.81612321337776     
  -1.00000000000000        6.00598256305255     
   1.00000000000000        3.63622788639157     
  -1.00000000000000      -0.235448951396659     
   1.00000000000000       -2.37835807378363     
  -1.00000000000000       -3.98374669185738     
  -1.00000000000000       -4.04156799200650     
   1.00000000000000       -3.69135065355179     
  -1.00000000000000       -2.42931642400789     
   1.00000000000000       -1.43100708781147     
  -1.00000000000000       -1.85758214905813     
   1.00000000000000       -1.32790658135898     
  -1.00000000000000       -1.27142887322253     
   1.00000000000000      -0.309959003269245     
   1.00000000000000      -7.605427403006548E-002
  -1.00000000000000       0.549133871747108     
   1.00000000000000       0.241415782213561     
  -1.00000000000000       0.342776205660505     
   1.00000000000000        1.77978136683728     
   1.00000000000000        1.81059358862918     
  -1.00000000000000        1.91119493125671     
  -1.00000000000000        1.10235588087976     
   1.00000000000000       0.805890269798811     
   1.00000000000000        2.00800030452805     
   1.00000000000000        2.14034229043294     
  -1.00000000000000       0.285567614277026     
   1.00000000000000      -0.600211406575907     
  -1.00000000000000       0.413606529428113     
  -1.00000000000000        2.43059475979623     
  -1.00000000000000        2.70670636759526     
  -1.00000000000000        2.86901611602487     
  -1.00000000000000        1.76241183063167     
  -1.00000000000000      -0.826166220237314     
  -1.00000000000000       -3.91922257297858     
   1.00000000000000       -6.83077925238881     
  -1.00000000000000       -8.98205724826837     
   1.00000000000000       -10.0376254992698     
  -1.00000000000000       -10.3488613405137     
   1.00000000000000       -8.03127992126350     
  -1.00000000000000       -5.32139863995788     
  -1.00000000000000       -1.82925150649814     
  -1.00000000000000       0.374614281543502     
   1.00000000000000        2.47352983153596     
   1.00000000000000        2.93040108611032     
  -1.00000000000000        1.10530404299623     
   1.00000000000000       -1.79202990308791     
  -1.00000000000000       -3.06013028657148     
  -1.00000000000000       -1.79369577380610     
  -1.00000000000000      -0.979504884446037     
   1.00000000000000       0.300507443067606     
   1.00000000000000       0.733932057981020     
  -1.00000000000000      -0.581547083352498     
   1.00000000000000       -2.82649969541674     
  -1.00000000000000       -3.43558785150169     
  -1.00000000000000       -1.74261617480408     
   1.00000000000000      -0.749620896664874     
  -1.00000000000000       0.391998092205596     
  -1.00000000000000       0.607995061963039     
  -1.00000000000000      -0.897724154022227     
   1.00000000000000       -1.28169178444335     
  -1.00000000000000       -1.70645218372699     
   1.00000000000000       -3.21850902616649     
   1.00000000000000       -5.13757918091085     
  -1.00000000000000       -4.95231769917422     
  -1.00000000000000       -4.22731773832261     
   1.00000000000000       -2.45276202429865     
   1.00000000000000       0.649116145974365     
  -1.00000000000000        2.11871548012837     
  -1.00000000000000        1.30883847093450     
   1.00000000000000        1.08512116419215     
  -1.00000000000000        2.24921500622546     
   1.00000000000000        2.12655384530535     
  -1.00000000000000      -2.219818918018057E-002
  -1.00000000000000      -0.931873422385138     
  -1.00000000000000       -1.83428316068571     
  -1.00000000000000       -1.55589511038315     
  -1.00000000000000       -1.52425526457145     
  -1.00000000000000       -2.63049108191522     
  -1.00000000000000       -4.52096596046217     
  -1.00000000000000       -6.37745334254662     
   1.00000000000000       -7.95995808565526     
   1.00000000000000       -8.92581969691462     
   1.00000000000000       -9.28742157898752     
  -1.00000000000000       -9.10227795177097     
  -1.00000000000000       -6.72905745350909     
  -1.00000000000000       -2.23602746137012     
  -1.00000000000000        2.69262024210797     
   1.00000000000000        5.14596124159445     
   1.00000000000000        4.27978412486741     
  -1.00000000000000        1.34586709572687     
   1.00000000000000       -2.35663315488221     
  -1.00000000000000       -3.92561416943608     
  -1.00000000000000       -2.62411638768662     
  -1.00000000000000       -1.90959979605433     
   1.00000000000000      -0.641270054371573     
   1.00000000000000      -0.113644086525711     
  -1.00000000000000       -1.12407342138100     
   1.00000000000000       -3.06011106504668     
  -1.00000000000000       -3.14865954328022     
   1.00000000000000       -1.12621453935458     
   1.00000000000000      -5.293987653331156E-002
  -1.00000000000000        1.24201425581202     
  -1.00000000000000        1.56321474816351     
   1.00000000000000        1.97441675921215     
  -1.00000000000000        3.40560232093769     
  -1.00000000000000        3.30319973914150     
  -1.00000000000000        1.03424992195873     
   1.00000000000000      -9.995952717498957E-002
   1.00000000000000       -1.33626310344738     
  -1.00000000000000       -3.42083694446623     
   1.00000000000000       -5.73162267897784     
   1.00000000000000       -5.58391458654829     
  -1.00000000000000       -2.87475451551690     
   1.00000000000000      -0.890005175045742     
  -1.00000000000000        1.16786836335975     
   1.00000000000000        3.89536935505639     
   1.00000000000000        4.54274006407603     
  -1.00000000000000        4.71814544519956     
   1.00000000000000        3.36931583391077     
   1.00000000000000        2.20817065871640     
  -1.00000000000000        2.39652240433346     
   1.00000000000000        1.60018365998772     
  -1.00000000000000        1.39641088298954     
  -1.00000000000000        2.46972080687086     
  -1.00000000000000        2.30525004286218     
   1.00000000000000        2.39710197366867     
   1.00000000000000        1.54610107132261     
  -1.00000000000000      -0.887684842190082     
   1.00000000000000       -3.99655916408553     
   1.00000000000000       -4.82026708252980     
  -1.00000000000000       -2.90402310020719     
  -1.00000000000000       -1.48250494815326     
  -1.00000000000000       0.275649846591298     
   1.00000000000000        3.03899886743493     
  -1.00000000000000        3.81624350188201     
  -1.00000000000000        2.19311672415482     
  -1.00000000000000       -1.05608827721846     
  -1.00000000000000       -2.53307557107256     
  -1.00000000000000       -3.47884764686788     
   1.00000000000000       -5.09487713815649     
  -1.00000000000000       -6.59515161381695     
  -1.00000000000000       -7.94051656624940     
  -1.00000000000000       -8.64896281076662     
   1.00000000000000       -6.84357196948387     
  -1.00000000000000       -4.71137679185418     
  -1.00000000000000       -3.95501630798206     
  -1.00000000000000       -4.20256377546923     
   1.00000000000000       -3.05568684060380     
  -1.00000000000000       -2.03874587461087     
  -1.00000000000000       -2.48351696030447     
  -1.00000000000000       -3.85519562815093     
   1.00000000000000       -3.62837037434256     
  -1.00000000000000       -3.48411816331320     
  -1.00000000000000       -4.08585073161800     
   1.00000000000000       -5.06666996595525     
  -1.00000000000000       -4.16654653859705     
  -1.00000000000000       -3.19769852284970     
  -1.00000000000000       -3.33658842389765     
  -1.00000000000000       -2.45740633619209     
  -1.00000000000000       -1.78542120768908     
  -1.00000000000000       -2.25502185139521     
   1.00000000000000       -3.59005851782528     
   1.00000000000000       -5.44238331249131     
   1.00000000000000       -7.23248744451324     
   1.00000000000000       -8.57099561494666     
   1.00000000000000       -7.27272526076371     
   1.00000000000000       -3.29660340850619     
   1.00000000000000        1.77473741758674     
   1.00000000000000        6.37543220308022     
   1.00000000000000        9.80776232927594     
  -1.00000000000000        11.7891332618601     
   1.00000000000000        12.5119696410519     
   1.00000000000000        12.1505422491143     
   1.00000000000000        10.8698109130072     
  -1.00000000000000        7.14685337725311     
  -1.00000000000000        3.58886022780112     
   1.00000000000000        1.96244261595088     
   1.00000000000000        2.07414188443138     
   1.00000000000000        1.26787159498411     
   1.00000000000000       -1.01352646421728     
   1.00000000000000       -1.96785713673626     
   1.00000000000000      -0.673292773376374     
  -1.00000000000000        1.85182908744776     
   1.00000000000000        4.70963867125258     
   1.00000000000000        7.31146654290412     
  -1.00000000000000        9.30751339032353     
  -1.00000000000000        8.37252307513059     
  -1.00000000000000        6.59721560267776     
  -1.00000000000000        5.49690222144940     
  -1.00000000000000        3.01298635159085     
   1.00000000000000      -0.946306759913522     
   1.00000000000000       -5.08251873406569     
   1.00000000000000       -8.44693534920851     
   1.00000000000000       -10.7114628771143     
  -1.00000000000000       -9.62261510399352     
   1.00000000000000       -5.47995931490528     
  -1.00000000000000       2.895419260067111E-002
   1.00000000000000        5.51335156506519     
  -1.00000000000000        7.69402269810353     
   1.00000000000000        8.13372956482710     
  -1.00000000000000        6.37572260834584     
   1.00000000000000        4.36820895455568     
   1.00000000000000        1.57250002738871     
   1.00000000000000      -0.125161296133713     
   1.00000000000000       -1.69409826462980     
   1.00000000000000       -2.09036056813283     
   1.00000000000000      -0.513189212512938     
  -1.00000000000000        2.24434962857678     
   1.00000000000000        5.32791252825898     
   1.00000000000000        8.08223378298616     
  -1.00000000000000        9.95609284652481     
  -1.00000000000000        8.78191785986467     
  -1.00000000000000        6.71519185918123     
  -1.00000000000000        5.48841133919922     
   1.00000000000000        3.16267390608032     
  -1.00000000000000      -0.723906430212409     
  -1.00000000000000       -4.77822831468049     
  -1.00000000000000       -8.22201789554850     
  -1.00000000000000       -8.59892491965999     
  -1.00000000000000       -7.79965566267779     
  -1.00000000000000       -6.99361319474022     
   1.00000000000000       -6.66070398903365     
  -1.00000000000000       -6.64789886242204     
  -1.00000000000000       -6.93936231075184     
  -1.00000000000000       -7.13216454957860     
   1.00000000000000       -5.35122714842494     
  -1.00000000000000       -3.49166372257982     
   1.00000000000000       -3.00772437208683     
  -1.00000000000000       -3.56403858243816     
   1.00000000000000       -2.69126263108564     
   1.00000000000000       -1.92755142806331     
   1.00000000000000      -0.625317698119084     
  -1.00000000000000      -0.163425786883568     
   1.00000000000000       0.629068271113130     
   1.00000000000000        2.53510780840634     
  -1.00000000000000        4.86642850311119     
  -1.00000000000000        5.02864152870314     
   1.00000000000000        4.64960124518697     
  -1.00000000000000        4.83335836313655     
   1.00000000000000        3.43170014339030     
  -1.00000000000000       0.232112005693648     
  -1.00000000000000       -1.43250405645467     
   1.00000000000000       -2.74815726636037     
  -1.00000000000000       -2.79779070044360     
  -1.00000000000000       -2.74892951336309     
   1.00000000000000       -3.58656277673745     
   1.00000000000000       -2.99903667877761     
   1.00000000000000       -2.48317757293006     
   1.00000000000000       -3.12135467438121     
  -1.00000000000000       -2.41007103952436     
   1.00000000000000      -1.395905576471446E-002
   1.00000000000000        3.02497121093052     
  -1.00000000000000        6.05854505708588     
   1.00000000000000        6.23188320645219     
  -1.00000000000000        5.52713633068606     
   1.00000000000000        5.42653766240610     
  -1.00000000000000        3.83401867624671     
   1.00000000000000        2.44889118686929     
   1.00000000000000       0.504825324273602     
  -1.00000000000000      -0.374437686961576     
  -1.00000000000000       -1.35936985296745     
  -1.00000000000000       -1.29680673006109     
   1.00000000000000       0.551307879717262     
   1.00000000000000        1.23912299765701     
   1.00000000000000      -0.183070014219047     
  -1.00000000000000       -2.77972668952037     
   1.00000000000000       -3.70324000176022     
  -1.00000000000000       -2.03471521383765     
  -1.00000000000000        1.08090398377916     
  -1.00000000000000        2.49891685742845     
   1.00000000000000        3.52938361270000     
   1.00000000000000        3.13000813565511     
  -1.00000000000000       0.725636500725316     
   1.00000000000000       -2.69144194079543     
   1.00000000000000       -3.99677566780516     
   1.00000000000000       -2.83645030862946     
   1.00000000000000       -1.94274043730259     
  -1.00000000000000      -0.605864793258912     
  -1.00000000000000        1.97133683701224     
   1.00000000000000        4.94119773972168     
  -1.00000000000000        7.56963816620051     
  -1.00000000000000        7.50467625952625     
  -1.00000000000000        4.37144891906737     
  -1.00000000000000        1.69595732022100     
  -1.00000000000000       -1.06695562021434     
  -1.00000000000000       -4.30584126746314     
   1.00000000000000       -7.28330689529653     
  -1.00000000000000       -9.56174195118706     
   1.00000000000000       -10.6648330929794     
  -1.00000000000000       -10.9620313553845     
   1.00000000000000       -8.46214001372745     
  -1.00000000000000       -5.59848325029510     
   1.00000000000000       -1.91259175585737     
   1.00000000000000       0.490723045857931     
   1.00000000000000        2.50583233892690     
   1.00000000000000        2.80747419043356     
  -1.00000000000000        2.89249749780720     
  -1.00000000000000        3.74214041935690     
  -1.00000000000000        5.08509420956343     
   1.00000000000000        6.51887041618408     
   1.00000000000000        5.80240261973451     
   1.00000000000000        2.51107619028980     
   1.00000000000000       -1.87255804310402     
   1.00000000000000       -4.04344284067639     
  -1.00000000000000       -3.40693040383984     
  -1.00000000000000      -0.818869372455124     
  -1.00000000000000        2.52806207477589     
  -1.00000000000000        5.76531238454627     
  -1.00000000000000        6.35590895798486     
   1.00000000000000        3.99066117930060     
   1.00000000000000       4.254917001000180E-002
  -1.00000000000000       -4.18557961478025     
  -1.00000000000000       -7.70044320789151     
   1.00000000000000       -8.24409510342943     
   1.00000000000000       -5.40863311928950     
  -1.00000000000000       -2.83993380345626     
  -1.00000000000000       -2.05482142660388     
  -1.00000000000000      -0.680073035569234     
   1.00000000000000        1.97379119898071     
  -1.00000000000000        2.86811525191634     
   1.00000000000000        1.44585440038794     
  -1.00000000000000       -1.42094124827785     
   1.00000000000000       -2.49894066277620     
   1.00000000000000       -3.34320412210610     
   1.00000000000000       -2.65274177801441     
   1.00000000000000       -2.12271950110131     
   1.00000000000000      -0.796234725887072     
   1.00000000000000        1.89048422792130     
   1.00000000000000        5.05761436139915     
   1.00000000000000        7.70075994638530     
   1.00000000000000        9.50686791080542     
  -1.00000000000000        10.3284710517339     
   1.00000000000000        10.2569971145305     
  -1.00000000000000        9.59251836035548     
   1.00000000000000        8.78918113620076     
  -1.00000000000000        5.96287230718097     
   1.00000000000000        3.22711434193052     
   1.00000000000000       4.306997222452758E-002
   1.00000000000000       -1.82098650733755     
   1.00000000000000       -3.27777151454375     
   1.00000000000000       -3.08641724742619     
   1.00000000000000      -0.690792885534899     
  -1.00000000000000        2.55115048453374     
   1.00000000000000        5.79777227439158     
  -1.00000000000000        8.32358581861497     
  -1.00000000000000        10.0164915198292     
   1.00000000000000        8.68151797885471     
  -1.00000000000000        6.46397377586930     
   1.00000000000000        3.11415293856312     
   1.00000000000000       -1.36598700154988     
   1.00000000000000       -3.74820509049584     
   1.00000000000000       -5.10160813026230     
  -1.00000000000000       -4.51804647880676     
  -1.00000000000000       -1.55079172261189     
   1.00000000000000        2.51191791690671     
   1.00000000000000        6.56279796943679     
  -1.00000000000000        7.68204606297848     
   1.00000000000000        5.24685060384116     
  -1.00000000000000        2.97106797093482     
  -1.00000000000000        2.47984649142588     
   1.00000000000000        1.18598951606536     
   1.00000000000000       0.435299552492782     
   1.00000000000000      -0.706624831206414     
  -1.00000000000000       -2.75823883675114     
  -1.00000000000000       -3.18504780758737     
   1.00000000000000       -1.44347246091499     
   1.00000000000000        1.66956511913997     
   1.00000000000000        2.94319993707981     
  -1.00000000000000        1.84172063837098     
   1.00000000000000        1.37745877406107     
  -1.00000000000000        2.19534691246960     
   1.00000000000000        3.80231324221059     
  -1.00000000000000        3.46271865533084     
   1.00000000000000        3.10469451081042     
  -1.00000000000000        1.61059786521654     
   1.00000000000000       0.727657669472420     
   1.00000000000000      -0.537623451138259     
  -1.00000000000000      -0.828795315103035     
   1.00000000000000       -1.45239805719017     
  -1.00000000000000       -1.01709133426920     
  -1.00000000000000       0.997820041351446     
   1.00000000000000        1.45267537370101     
  -1.00000000000000        1.86247409996938     
   1.00000000000000        1.24524840650928     
   1.00000000000000      -0.971275066395583     
  -1.00000000000000       -1.67232233310941     
  -1.00000000000000       -2.36827602799728     
   1.00000000000000       -1.71310335926867     
  -1.00000000000000       0.652016017725035     
   1.00000000000000        1.79255826919853     
   1.00000000000000       0.733003616175823     
  -1.00000000000000       0.470407730739436     
   1.00000000000000      -0.185170640633499     
  -1.00000000000000      -7.892300123520724E-002
  -1.00000000000000        1.47746327866370     
   1.00000000000000        1.77993813364073     
   1.00000000000000        2.06335416397502     
   1.00000000000000        1.28511778252206     
  -1.00000000000000       -1.07836921166542     
   1.00000000000000       -2.03276288958547     
  -1.00000000000000      -0.784855320488409     
   1.00000000000000        1.85770145020276     
  -1.00000000000000        2.86878783813726     
  -1.00000000000000        3.55910353594009     
  -1.00000000000000        2.88653227178099     
  -1.00000000000000        2.34905434284124     
  -1.00000000000000       0.993556660952153     
   1.00000000000000       -1.68112040492699     
  -1.00000000000000       -4.90334886730499     
  -1.00000000000000       -7.62878033058344     
  -1.00000000000000       -9.69388697850160     
   1.00000000000000       -8.59430882624810     
   1.00000000000000       -6.77265526461337     
   1.00000000000000       -5.71391495021759     
   1.00000000000000       -5.16893568358929     
   1.00000000000000       -3.36195458946434     
   1.00000000000000      -1.733546204323710E-002
  -1.00000000000000        4.01518683436593     
  -1.00000000000000        7.45976071365020     
   1.00000000000000        10.0110699346796     
   1.00000000000000        11.3356501951070     
  -1.00000000000000        9.48301195031107     
  -1.00000000000000        4.70352038253353     
   1.00000000000000       0.871044540719561     
   1.00000000000000      -0.505627443559463     
  -1.00000000000000       -1.83465158223069     
   1.00000000000000       -3.97748807162935     
  -1.00000000000000       -3.97515104326262     
   1.00000000000000       -1.70614550665815     
   1.00000000000000      -0.331168378417084     
   1.00000000000000        1.22786848099409     
  -1.00000000000000        1.76825887147721     
  -1.00000000000000        2.37194605167008     
   1.00000000000000        3.85169913457498     
  -1.00000000000000        5.56052429804798     
  -1.00000000000000        5.14000695229640     
  -1.00000000000000        2.34511552681935     
   1.00000000000000       0.712263479386088     
  -1.00000000000000       -1.16459035775739     
  -1.00000000000000       -3.72460181704440     
  -1.00000000000000       -6.26524818492332     
   1.00000000000000       -6.29463069366084     
   1.00000000000000       -5.69895048564556     
  -1.00000000000000       -5.56127464452299     
   1.00000000000000       -6.02353513524357     
   1.00000000000000       -4.86163010650552     
   1.00000000000000       -1.60066474459893     
  -1.00000000000000       0.333104813481730     
  -1.00000000000000        2.19223737876266     
  -1.00000000000000        4.67501822285749     
  -1.00000000000000        7.03245249615728     
  -1.00000000000000        6.88341411174193     
   1.00000000000000        3.74895338985436     
  -1.00000000000000      -0.685157777579168     
  -1.00000000000000       -5.10317262754152     
   1.00000000000000       -8.89609912977191     
  -1.00000000000000       -9.34822751839956     
   1.00000000000000       -8.34925403906758     
  -1.00000000000000       -7.41769974786632     
  -1.00000000000000       -4.78118058320348     
  -1.00000000000000       -2.65729024803387     
   1.00000000000000      -8.988284412225145E-002
   1.00000000000000        1.29905369694825     
   1.00000000000000       0.540679254068550     
  -1.00000000000000       -1.57734623217616     
  -1.00000000000000       -2.23178027172871     
  -1.00000000000000      -0.724217388722889     
  -1.00000000000000        2.03292737439041     
   1.00000000000000        3.11311552347197     
  -1.00000000000000        1.82351159767080     
  -1.00000000000000       -1.06224656973105     
  -1.00000000000000       -4.47073362753452     
  -1.00000000000000       -5.48909670059516     
   1.00000000000000       -5.42291657732944     
   1.00000000000000       -5.85868634695902     
  -1.00000000000000       -6.47371566915913     
   1.00000000000000       -7.07900099023556     
   1.00000000000000       -5.49194628512119     
  -1.00000000000000       -1.77413425779977     
   1.00000000000000       0.769026342289951     
   1.00000000000000        2.75450964479030     
   1.00000000000000        5.18716863390146     
  -1.00000000000000        5.23038016854084     
   1.00000000000000        4.69581209622125     
  -1.00000000000000        5.00308228939314     
  -1.00000000000000        5.59978954937899     
   1.00000000000000        4.50566982181190     
  -1.00000000000000        3.35398331314438     
   1.00000000000000        1.42947256493397     
  -1.00000000000000       -1.64229104695721     
  -1.00000000000000       -3.11851932238670     
   1.00000000000000       -4.23540728392845     
   1.00000000000000       -3.67019747896397     
  -1.00000000000000       -3.05447902576711     
  -1.00000000000000       -3.58822855466811     
   1.00000000000000       -2.69910306754164     
  -1.00000000000000      -8.469027939294538E-002
  -1.00000000000000        1.24228857954327     
   1.00000000000000       0.552503699851129     
  -1.00000000000000       0.294757668616274     
  -1.00000000000000      -0.582766204458697     
  -1.00000000000000       -2.61988314092660     
  -1.00000000000000       -3.06215083314825     
