  -1.00000000000000       6.996436179579847E-002
   1.00000000000000       0.173915822121419     
   1.00000000000000       0.150213463839152     
  -1.00000000000000       7.665173159691825E-002
  -1.00000000000000       -1.06906048384958     
  -1.00000000000000       -1.18742766145224     
   1.00000000000000       0.351042632003955     
  -1.00000000000000       0.833642012234720     
   1.00000000000000      -0.467621218094372     
  -1.00000000000000       -2.65485480468536     
   1.00000000000000       -2.87970148319387     
   1.00000000000000       -2.88971810860949     
   1.00000000000000       -1.96145086187111     
   1.00000000000000       -1.55181404410378     
  -1.00000000000000      -0.359993850514726     
   1.00000000000000        2.15881487288165     
  -1.00000000000000        4.92257314241990     
  -1.00000000000000        7.17887634628057     
   1.00000000000000        6.83324940695464     
  -1.00000000000000        5.64293614942633     
   1.00000000000000        3.35654116900312     
   1.00000000000000      -0.488956646010550     
   1.00000000000000       -2.40346805248697     
  -1.00000000000000       -3.76991289259741     
   1.00000000000000       -3.50599888143909     
   1.00000000000000       -1.18881489416394     
  -1.00000000000000        2.28173566489503     
   1.00000000000000        3.75482657897793     
   1.00000000000000        4.62235940578353     
   1.00000000000000        5.79545982392636     
  -1.00000000000000        5.15930474007174     
   1.00000000000000        4.26436763073102     
  -1.00000000000000        4.33235301829109     
   1.00000000000000        4.98061872196020     
   1.00000000000000        3.86998510608474     
  -1.00000000000000        2.77247612078760     
   1.00000000000000       0.869055794141639     
   1.00000000000000      -0.329030413378904     
  -1.00000000000000       0.302288921583846     
  -1.00000000000000       0.182732898661221     
  -1.00000000000000       0.562590517845558     
   1.00000000000000        2.23419428210302     
  -1.00000000000000        2.40244120891505     
  -1.00000000000000       0.463814100569353     
   1.00000000000000       -2.47503520562847     
   1.00000000000000       -3.49749119595287     
  -1.00000000000000       -3.97135987232386     
   1.00000000000000       -5.07254798897722     
   1.00000000000000       -4.37073942088242     
   1.00000000000000       -1.60210357057602     
   1.00000000000000       0.148813013116674     
  -1.00000000000000        1.80184858865859     
  -1.00000000000000        4.03290071684619     
  -1.00000000000000        6.31798958767086     
   1.00000000000000        8.15603346629587     
   1.00000000000000        7.19078918791118     
  -1.00000000000000        3.65825997489656     
  -1.00000000000000       -1.12393289637820     
   1.00000000000000       -3.50544539371971     
  -1.00000000000000       -2.98315052856228     
   1.00000000000000       -2.42565567533024     
  -1.00000000000000       -3.04601034902752     
   1.00000000000000       -2.42414857450899     
   1.00000000000000       -1.97512815427533     
   1.00000000000000      -0.659049194071196     
   1.00000000000000      -0.103628147299993     
  -1.00000000000000       0.855353961254150     
   1.00000000000000        2.93294845460071     
   1.00000000000000        5.29400707617536     
  -1.00000000000000        7.27761582561686     
   1.00000000000000        6.73392048839997     
  -1.00000000000000        5.32146264905890     
   1.00000000000000        4.65193202016159     
  -1.00000000000000        2.77205538901192     
  -1.00000000000000        1.27683023960286     
   1.00000000000000      -0.601280695580854     
   1.00000000000000       -1.40767903530356     
  -1.00000000000000       -2.19273852197321     
  -1.00000000000000       -3.76857442933800     
  -1.00000000000000       -3.68807640201883     
  -1.00000000000000       -1.62913597758300     
  -1.00000000000000      -0.419841224163809     
  -1.00000000000000       -1.09406322489930     
   1.00000000000000       -2.68426500431126     
   1.00000000000000       -4.79991440666738     
   1.00000000000000       -6.85804979737976     
   1.00000000000000       -8.39755890002319     
  -1.00000000000000       -7.39487953632075     
  -1.00000000000000       -3.89779343443824     
   1.00000000000000       0.852092114231443     
   1.00000000000000        5.37461145917167     
  -1.00000000000000        7.01884855285372     
  -1.00000000000000        5.43408188094032     
  -1.00000000000000        3.76598667928916     
   1.00000000000000        3.40027519513121     
   1.00000000000000        1.84507224136976     
  -1.00000000000000       -1.27647399436960     
   1.00000000000000       -4.63031831883575     
  -1.00000000000000       -5.47625224554393     
   1.00000000000000       -3.62779236452391     
   1.00000000000000       -1.96700457800893     
  -1.00000000000000       2.006258928160035E-002
  -1.00000000000000       0.702996746352030     
  -1.00000000000000        1.49507796080357     
   1.00000000000000        3.23292202355189     
   1.00000000000000        3.24958045544521     
  -1.00000000000000        1.13152185291927     
   1.00000000000000       -1.93955128715176     
  -1.00000000000000       -3.17652017081550     
  -1.00000000000000       -2.03615475333247     
  -1.00000000000000       -1.44484175880760     
   1.00000000000000      -0.275239479745417     
  -1.00000000000000      -6.672423297844418E-002
   1.00000000000000       -1.34602051510027     
   1.00000000000000       -3.43285574172023     
  -1.00000000000000       -3.59567863977621     
   1.00000000000000       -3.26666832526469     
   1.00000000000000       -1.85762771397992     
  -1.00000000000000        1.00831273840384     
  -1.00000000000000        2.24493916333241     
   1.00000000000000        3.30427850290709     
  -1.00000000000000        4.99708039365567     
  -1.00000000000000        4.89832990637642     
  -1.00000000000000        2.39509028186283     
  -1.00000000000000       0.584971924499519     
  -1.00000000000000       -1.20761052863973     
  -1.00000000000000       -3.73316272751034     
   1.00000000000000       -6.19332264490683     
   1.00000000000000       -8.22445751261013     
   1.00000000000000       -9.34017571650476     
  -1.00000000000000       -9.69371621986889     
   1.00000000000000       -7.37978464232550     
   1.00000000000000       -2.82712852903824     
   1.00000000000000        2.19346099792255     
  -1.00000000000000        4.68715218221190     
   1.00000000000000        5.90275749726643     
   1.00000000000000        6.99125648755610     
  -1.00000000000000        7.92174521465661     
   1.00000000000000        6.53631560087636     
  -1.00000000000000        4.82892580306075     
  -1.00000000000000        4.15274648266118     
   1.00000000000000        2.26701688167257     
   1.00000000000000       0.954330304901064     
   1.00000000000000      -0.630764250435103     
  -1.00000000000000       -2.98104403297761     
   1.00000000000000       -3.64961008770338     
   1.00000000000000       -1.88806753682141     
   1.00000000000000        1.13032054383638     
  -1.00000000000000        2.44783473951967     
   1.00000000000000        3.55581355135639     
   1.00000000000000        5.01883606724670     
  -1.00000000000000        6.39366019371710     
   1.00000000000000        5.53984363087941     
   1.00000000000000        4.28400843380545     
  -1.00000000000000        4.00084895124928     
  -1.00000000000000        2.36388350880126     
   1.00000000000000        1.20056616041224     
   1.00000000000000        1.47047907073095     
  -1.00000000000000       0.794836822646912     
  -1.00000000000000       -1.35845066789534     
   1.00000000000000       -2.17196616561811     
   1.00000000000000      -0.740043214295533     
   1.00000000000000      -8.265286143266735E-002
   1.00000000000000       -1.02391536918233     
  -1.00000000000000      -0.983581306410049     
   1.00000000000000       0.674654382189013     
  -1.00000000000000        3.07946554368470     
   1.00000000000000        5.71119366134063     
  -1.00000000000000        5.82704801010480     
   1.00000000000000        5.27810097263802     
  -1.00000000000000        3.50839966128769     
  -1.00000000000000        2.00625829149460     
   1.00000000000000      -6.637789490105842E-002
  -1.00000000000000      -0.923347474564129     
  -1.00000000000000       -1.86594670061390     
   1.00000000000000       -3.34378361137968     
   1.00000000000000       -3.22413128796906     
   1.00000000000000       -2.87503303044862     
   1.00000000000000       -3.61107175752485     
   1.00000000000000       -2.86543811895738     
  -1.00000000000000      -0.344663464009763     
   1.00000000000000        2.90438377217251     
   1.00000000000000        6.21053630603987     
   1.00000000000000        8.85734668337585     
   1.00000000000000        8.50840466655097     
  -1.00000000000000        6.96369241606802     
  -1.00000000000000        5.95924145424177     
   1.00000000000000        5.50775423073094     
  -1.00000000000000        5.46093672670466     
   1.00000000000000        3.90661398796846     
   1.00000000000000       0.469425381795592     
   1.00000000000000       -1.59552473868390     
  -1.00000000000000       -3.14806692267441     
   1.00000000000000       -3.06818233387533     
   1.00000000000000      -0.962676279164724     
   1.00000000000000        2.25649090954437     
   1.00000000000000        3.39340218740306     
  -1.00000000000000        4.12048323678044     
  -1.00000000000000        5.14464205517504     
   1.00000000000000        6.35326412926724     
   1.00000000000000        7.57848803764697     
  -1.00000000000000        6.44471892618574     
  -1.00000000000000        2.64158138705660     
  -1.00000000000000       1.079155932239104E-002
   1.00000000000000      -0.416834281194360     
  -1.00000000000000       -1.19704965993995     
  -1.00000000000000       -3.09338471294137     
   1.00000000000000       -5.14466387515743     
   1.00000000000000       -5.07487464469529     
   1.00000000000000       -4.33663439729345     
  -1.00000000000000       -4.51791782594410     
  -1.00000000000000       -3.48986417694463     
  -1.00000000000000      -0.642932782238731     
   1.00000000000000        2.98975887631819     
  -1.00000000000000        4.52264495616945     
   1.00000000000000        3.09583446846391     
   1.00000000000000       6.664669997917502E-002
  -1.00000000000000       -1.51474012929307     
  -1.00000000000000       -2.85369037161303     
  -1.00000000000000       -2.87620277006404     
  -1.00000000000000      -0.706901114236350     
  -1.00000000000000       0.372881103315928     
   1.00000000000000      -0.323872987250771     
   1.00000000000000       -2.14399438298623     
  -1.00000000000000       -4.50293626828018     
   1.00000000000000       -6.81296243346072     
  -1.00000000000000       -6.67490700465901     
  -1.00000000000000       -3.71178538528751     
  -1.00000000000000       -1.55827214319704     
   1.00000000000000       0.873286744597269     
  -1.00000000000000        1.90099575486125     
  -1.00000000000000       0.802648517279073     
  -1.00000000000000       -1.61019889747820     
  -1.00000000000000       -2.57474000082831     
   1.00000000000000       -3.13116677540829     
   1.00000000000000       -4.48638006525378     
  -1.00000000000000       -5.88398870712272     
   1.00000000000000       -7.19578682851319     
   1.00000000000000       -6.08848878640726     
  -1.00000000000000       -2.65166884547990     
   1.00000000000000      -0.151263876602731     
  -1.00000000000000        2.13287827947678     
  -1.00000000000000        4.86197966697509     
   1.00000000000000        5.29717382423856     
  -1.00000000000000        5.08859888501328     
  -1.00000000000000        3.39494941071713     
  -1.00000000000000       4.977761018319359E-002
  -1.00000000000000       -1.87243250170396     
   1.00000000000000       -3.36483012377474     
   1.00000000000000       -5.35553603743870     
  -1.00000000000000       -7.34884029195082     
  -1.00000000000000       -8.76001985072150     
   1.00000000000000       -7.56789677995901     
   1.00000000000000       -3.70893661923534     
  -1.00000000000000      -0.870090894346246     
   1.00000000000000      -0.216212593197555     
   1.00000000000000       0.749288590371514     
   1.00000000000000        2.79789923406405     
   1.00000000000000        3.00044190030977     
  -1.00000000000000        2.96464148072677     
   1.00000000000000        3.94881271066790     
  -1.00000000000000        5.54420850790259     
   1.00000000000000        7.15096292473420     
  -1.00000000000000        6.41795284898808     
  -1.00000000000000        5.13275439312937     
   1.00000000000000        2.76296704098307     
  -1.00000000000000       0.989115346836462     
  -1.00000000000000      -0.901938767185455     
  -1.00000000000000       -3.59602500384974     
   1.00000000000000       -4.30606206269329     
   1.00000000000000       -4.58225431641712     
  -1.00000000000000       -5.35517951919540     
   1.00000000000000       -6.32304422017454     
   1.00000000000000       -5.22446556384741     
  -1.00000000000000       -1.82552761786157     
   1.00000000000000       0.554156510884644     
   1.00000000000000        2.63823696822255     
  -1.00000000000000        5.12282349374691     
   1.00000000000000        5.32580535498139     
  -1.00000000000000        4.81668855643771     
   1.00000000000000        5.09577293662295     
   1.00000000000000        3.66427865265380     
  -1.00000000000000        2.48905203260902     
  -1.00000000000000       0.785581094234327     
  -1.00000000000000      -4.951510865795802E-002
   1.00000000000000       0.815725434752257     
  -1.00000000000000       0.678163892783203     
  -1.00000000000000      -0.972221191199213     
  -1.00000000000000       -3.40779687658188     
   1.00000000000000       -4.11894622519751     
   1.00000000000000       -4.21861972354594     
  -1.00000000000000       -4.98591226354103     
  -1.00000000000000       -6.21768134117756     
   1.00000000000000       -5.45304543890275     
   1.00000000000000       -2.35785554583258     
   1.00000000000000      -0.299164799824818     
  -1.00000000000000      -0.363872984374628     
  -1.00000000000000      -6.204650269966390E-002
   1.00000000000000        1.59253222035323     
  -1.00000000000000        3.91139882012101     
  -1.00000000000000        4.14200039165067     
  -1.00000000000000        1.74474481954832     
  -1.00000000000000       0.270730182578749     
   1.00000000000000       -1.13503501387819     
   1.00000000000000       -3.46219009091929     
  -1.00000000000000       -5.65878059769138     
   1.00000000000000       -7.54016575918782     
  -1.00000000000000       -6.86455369025711     
  -1.00000000000000       -3.52045505108950     
   1.00000000000000      -0.816369629936996     
  -1.00000000000000        1.87617235655535     
  -1.00000000000000        2.98880535105210     
  -1.00000000000000        1.66057914457556     
   1.00000000000000       0.824422018703333     
   1.00000000000000      -0.326901953787887     
  -1.00000000000000       -2.56966246631632     
  -1.00000000000000       -5.19788828198745     
   1.00000000000000       -5.50657703392236     
  -1.00000000000000       -3.15264902610347     
   1.00000000000000       -1.29201358916159     
  -1.00000000000000       -1.22715619912091     
  -1.00000000000000      -0.439028856238046     
  -1.00000000000000      -0.457621568410445     
  -1.00000000000000      -3.218033498238804E-002
   1.00000000000000      -0.160496565461237     
   1.00000000000000       -1.76462681296201     
   1.00000000000000       -4.11156547117895     
   1.00000000000000       -6.35767048710631     
   1.00000000000000       -6.17590330781738     
  -1.00000000000000       -3.26094472699147     
  -1.00000000000000       0.839136569538109     
   1.00000000000000        4.95725760470969     
  -1.00000000000000        8.20405978611502     
  -1.00000000000000        8.23717176972088     
  -1.00000000000000        5.03340008976107     
  -1.00000000000000        2.28859415356653     
   1.00000000000000      -0.671047047533799     
  -1.00000000000000       -4.03076347432247     
   1.00000000000000       -7.11210856884176     
  -1.00000000000000       -9.24098601547771     
  -1.00000000000000       -8.51963148360235     
  -1.00000000000000       -6.84844590399263     
  -1.00000000000000       -3.80399320110375     
   1.00000000000000       -1.48909267994492     
  -1.00000000000000      -0.929972131636402     
  -1.00000000000000       -2.02725499540977     
   1.00000000000000       -3.82811503312011     
   1.00000000000000       -3.96354890619467     
   1.00000000000000       -3.79662282314866     
  -1.00000000000000       -4.37617463979871     
   1.00000000000000       -3.48687894267674     
  -1.00000000000000      -0.617263099652483     
   1.00000000000000        2.97362025124669     
  -1.00000000000000        4.50399169283350     
   1.00000000000000        5.22220822624456     
   1.00000000000000        4.29558419053493     
   1.00000000000000        3.36378005744540     
  -1.00000000000000        1.60690543678533     
  -1.00000000000000       0.397168396738114     
  -1.00000000000000        1.05222095520677     
   1.00000000000000        2.89758081039045     
  -1.00000000000000        3.12074323860750     
   1.00000000000000        1.16145337246665     
  -1.00000000000000       -2.01581396363395     
  -1.00000000000000       -3.21010519526156     
  -1.00000000000000       -3.94441058208313     
  -1.00000000000000       -3.20055321568967     
  -1.00000000000000       -2.49602972818072     
   1.00000000000000       -3.10755660638760     
   1.00000000000000       -4.14802959824733     
   1.00000000000000       -5.57101094422063     
  -1.00000000000000       -6.93697642158249     
  -1.00000000000000       -5.89393055345120     
   1.00000000000000       -2.57963034727062     
  -1.00000000000000        1.99204706630524     
  -1.00000000000000        4.26520394057536     
   1.00000000000000        3.46246275214183     
  -1.00000000000000        2.77921672108057     
   1.00000000000000        1.24848586412709     
  -1.00000000000000       -1.49355160318525     
   1.00000000000000       -2.50199411574448     
  -1.00000000000000       -3.04482541050144     
  -1.00000000000000       -2.32212157280708     
   1.00000000000000       -1.83839593567283     
  -1.00000000000000      -0.735844983560810     
  -1.00000000000000      -0.189844894806246     
   1.00000000000000       -1.30220044402379     
   1.00000000000000       -1.31332870748069     
  -1.00000000000000       -1.41955823834692     
   1.00000000000000       -2.71449699038527     
  -1.00000000000000       -2.57355250172637     
  -1.00000000000000      -0.318204366750280     
   1.00000000000000       0.983245987148466     
   1.00000000000000        2.38350399410210     
   1.00000000000000        2.21832478184277     
  -1.00000000000000       0.102366790448742     
   1.00000000000000      -0.634525752429640     
   1.00000000000000       0.565161773531197     
   1.00000000000000        2.76084488125993     
  -1.00000000000000        3.26798729759388     
  -1.00000000000000        3.60161740490374     
  -1.00000000000000        4.66514054770942     
  -1.00000000000000        5.88073063484492     
  -1.00000000000000        5.18144898012573     
   1.00000000000000        2.25377531427289     
  -1.00000000000000       -1.66127267024482     
   1.00000000000000       -5.60713825002152     
  -1.00000000000000       -8.80655996100853     
  -1.00000000000000       -8.85395620734111     
   1.00000000000000       -7.68562355175683     
  -1.00000000000000       -5.03427766930506     
   1.00000000000000       -2.74151191126198     
  -1.00000000000000       -1.99467459012449     
  -1.00000000000000      -0.479983102463719     
   1.00000000000000       0.191539939601872     
   1.00000000000000        1.13378095849388     
  -1.00000000000000        1.24037120606749     
  -1.00000000000000      -0.480597001713039     
   1.00000000000000      -0.954281032657007     
  -1.00000000000000       0.288296209534138     
  -1.00000000000000       0.618349292280801     
  -1.00000000000000      -0.637878648506615     
  -1.00000000000000       -1.01414021249380     
   1.00000000000000       -1.51233155504847     
   1.00000000000000       -3.13744373648009     
  -1.00000000000000       -5.04312748240303     
   1.00000000000000       -6.84214873713251     
  -1.00000000000000       -6.45059237647684     
   1.00000000000000       -3.39614023545935     
  -1.00000000000000       -1.13158678248690     
  -1.00000000000000        1.21000362922159     
   1.00000000000000        2.16568322815617     
   1.00000000000000        2.84624896684361     
   1.00000000000000        2.12493296613139     
  -1.00000000000000      -0.296071758513754     
   1.00000000000000       -1.54755690181153     
   1.00000000000000      -0.523519978006100     
  -1.00000000000000        1.76539370473507     
   1.00000000000000        2.56413271051236     
  -1.00000000000000        2.98034258998180     
   1.00000000000000        4.15064845486606     
   1.00000000000000        3.88557453693430     
  -1.00000000000000        3.20395570491270     
  -1.00000000000000        1.51698471980181     
   1.00000000000000       0.591802941991595     
  -1.00000000000000        1.38919329008738     
   1.00000000000000        1.25105975314120     
   1.00000000000000      -0.600822057551594     
  -1.00000000000000       -1.26211907729287     
   1.00000000000000       -1.91423563310620     
   1.00000000000000       -1.48680595141202     
  -1.00000000000000       0.752555523740331     
  -1.00000000000000        1.62104732547331     
   1.00000000000000        2.46258283634574     
  -1.00000000000000        4.20466982139311     
   1.00000000000000        4.28877801123250     
  -1.00000000000000        2.04270408083300     
  -1.00000000000000       0.685791417620322     
  -1.00000000000000      -0.936122524958053     
   1.00000000000000       -1.37528807469719     
  -1.00000000000000       -1.94223758833789     
  -1.00000000000000       -3.49807107888829     
  -1.00000000000000       -5.27220825502872     
  -1.00000000000000       -4.94167422048043     
  -1.00000000000000       -4.28889638710978     
   1.00000000000000       -4.69594847864720     
  -1.00000000000000       -5.50335016812011     
   1.00000000000000       -6.54142503094947     
  -1.00000000000000       -7.54720343533177     
  -1.00000000000000       -6.30519718457928     
  -1.00000000000000       -4.72313144138472     
  -1.00000000000000       -2.21402928600806     
   1.00000000000000      -0.625589177672516     
  -1.00000000000000      -0.866478236650920     
  -1.00000000000000       -2.29941151233634     
  -1.00000000000000       -4.35464375671341     
  -1.00000000000000       -4.32078467444857     
   1.00000000000000       -3.93369337246872     
  -1.00000000000000       -4.30569558847709     
  -1.00000000000000       -5.36555647761274     
   1.00000000000000       -6.56044256472195     
   1.00000000000000       -5.39428381434683     
  -1.00000000000000       -4.11410726058584     
  -1.00000000000000       -3.88911657828246     
   1.00000000000000       -2.47941463406042     
  -1.00000000000000       0.512142469621462     
   1.00000000000000        2.06200492080796     
  -1.00000000000000        1.44423342362072     
   1.00000000000000        1.31157695430979     
   1.00000000000000       0.438962435645219     
  -1.00000000000000       8.548837023827013E-002
  -1.00000000000000      -0.572984672785074     
   1.00000000000000      -0.531235065872146     
   1.00000000000000        1.15997325684240     
   1.00000000000000        1.55180725989829     
   1.00000000000000       0.177284541070568     
  -1.00000000000000      -0.413256441511150     
   1.00000000000000       0.706428123248288     
   1.00000000000000        2.67381120942353     
   1.00000000000000        5.24350488320171     
   1.00000000000000        5.40965712890856     
  -1.00000000000000        5.04350557844420     
   1.00000000000000        5.23849743370688     
  -1.00000000000000        5.85213889878656     
  -1.00000000000000        6.57197535389151     
   1.00000000000000        5.20200426574141     
  -1.00000000000000        3.82917878561143     
  -1.00000000000000        1.68426588141464     
  -1.00000000000000       -1.41271306543309     
  -1.00000000000000       -2.82731396876356     
  -1.00000000000000       -3.81122562857152     
   1.00000000000000       -5.05339676055765     
  -1.00000000000000       -6.49396565888324     
  -1.00000000000000       -7.86981712357992     
   1.00000000000000       -8.99750634140910     
  -1.00000000000000       -7.47947513164612     
   1.00000000000000       -5.49996389889208     
   1.00000000000000       -4.35026941712714     
   1.00000000000000       -2.11557508622210     
   1.00000000000000      -0.701128942100006     
  -1.00000000000000       0.981723269987933     
   1.00000000000000        3.40254953285399     
  -1.00000000000000        5.99807495811257     
  -1.00000000000000        8.22110647903713     
   1.00000000000000        7.70554513914995     
   1.00000000000000        6.26459427851593     
  -1.00000000000000        3.39477392382203     
   1.00000000000000      -0.769938882303054     
   1.00000000000000       -3.05281179716619     
   1.00000000000000       -2.39960486682421     
  -1.00000000000000       -1.83221279484901     
  -1.00000000000000      -0.612117361526269     
   1.00000000000000        1.89983590262403     
   1.00000000000000        4.85908794787693     
   1.00000000000000        5.34941866074623     
   1.00000000000000        3.09228174644853     
   1.00000000000000        1.17051680200835     
   1.00000000000000        1.15787999060709     
  -1.00000000000000        2.36489760946695     
  -1.00000000000000        4.24721023161019     
   1.00000000000000        6.21939186462331     
  -1.00000000000000        7.86585183295270     
   1.00000000000000        6.93553243481246     
   1.00000000000000        3.28383995363499     
   1.00000000000000       0.458286731332205     
   1.00000000000000       -2.10246912122621     
  -1.00000000000000       -2.94629864843597     
   1.00000000000000       -1.35273604533595     
   1.00000000000000        1.45315050448437     
   1.00000000000000        4.76082609531666     
  -1.00000000000000        5.71062754247377     
  -1.00000000000000        5.73040737640668     
   1.00000000000000        6.03690064498351     
   1.00000000000000        6.65885448405886     
   1.00000000000000        5.30516538179392     
  -1.00000000000000        1.91853717017424     
  -1.00000000000000      -0.434128666598551     
   1.00000000000000      -0.411791512136987     
  -1.00000000000000        1.30405124151212     
   1.00000000000000        1.75810841706421     
   1.00000000000000       0.169451317661124     
  -1.00000000000000      -0.529572142564847     
  -1.00000000000000       -1.31439546191982     
   1.00000000000000       -1.04458514242567     
  -1.00000000000000       0.671927345927524     
   1.00000000000000        1.24860348231064     
  -1.00000000000000      -0.314460842405327     
  -1.00000000000000      -0.869837524081669     
  -1.00000000000000       -1.45435623886518     
   1.00000000000000      -0.907420307633798     
   1.00000000000000      -0.754501888293457     
  -1.00000000000000       -1.84859486603805     
  -1.00000000000000       -3.70593442037336     
  -1.00000000000000       -3.73550729079611     
  -1.00000000000000       -1.51068969398975     
  -1.00000000000000       8.620590298630656E-003
   1.00000000000000      -0.596284007308189     
  -1.00000000000000       -2.63298537882136     
   1.00000000000000       -5.05742199526529     
   1.00000000000000       -7.32156260089909     
  -1.00000000000000       -7.00086658629904     
   1.00000000000000       -5.83603325113423     
   1.00000000000000       -3.42835491163875     
   1.00000000000000       0.472807903410332     
  -1.00000000000000        2.52612714478213     
  -1.00000000000000        3.94240360152750     
   1.00000000000000        5.59611462397867     
   1.00000000000000        7.08201282916584     
  -1.00000000000000        6.29198471338063     
  -1.00000000000000        2.97307810172730     
   1.00000000000000       0.455028709104345     
   1.00000000000000       0.227731808514443     
   1.00000000000000      -0.501753814846510     
   1.00000000000000       -2.38293219120640     
   1.00000000000000       -2.64018794347824     
  -1.00000000000000      -0.510818954239633     
  -1.00000000000000        2.67779550188324     
   1.00000000000000        5.83849018214826     
   1.00000000000000        8.39743717168714     
  -1.00000000000000        8.04126223423808     
  -1.00000000000000        4.84085439066358     
  -1.00000000000000        2.00830794504337     
   1.00000000000000        1.10417599083817     
  -1.00000000000000      -0.195005313658540     
   1.00000000000000       -2.43243917003145     
  -1.00000000000000       -5.18044114533859     
  -1.00000000000000       -5.49105483407034     
  -1.00000000000000       -5.03323157656296     
  -1.00000000000000       -3.15609730512209     
   1.00000000000000       -1.69669437015974     
  -1.00000000000000       -1.91048440752787     
   1.00000000000000       -3.10528106720323     
  -1.00000000000000       -4.83665067304220     
  -1.00000000000000       -4.57503367565346     
  -1.00000000000000       -4.02978075443091     
   1.00000000000000       -2.28125845319731     
   1.00000000000000      -0.956890101988465     
  -1.00000000000000       -1.42022602863137     
   1.00000000000000       -2.75188774454544     
   1.00000000000000       -2.58528993301489     
   1.00000000000000      -0.546950503155184     
  -1.00000000000000       0.555584799389404     
  -1.00000000000000        1.75123460485107     
  -1.00000000000000        3.53894547877194     
  -1.00000000000000        5.67855109280782     
  -1.00000000000000        5.51045198208945     
  -1.00000000000000        2.87760183225428     
   1.00000000000000       -1.09305066081877     
  -1.00000000000000       -5.01037585899259     
   1.00000000000000       -8.10867737582644     
   1.00000000000000       -10.1494374464065     
   1.00000000000000       -8.98796517591774     
  -1.00000000000000       -6.84187123385013     
   1.00000000000000       -3.50595155691474     
   1.00000000000000       0.998917588728594     
   1.00000000000000        5.52411728083936     
   1.00000000000000        7.03632821833664     
   1.00000000000000        7.35260117448750     
   1.00000000000000        7.44908933991450     
   1.00000000000000        7.62644531835440     
   1.00000000000000        7.73781782731416     
   1.00000000000000        7.68134262236867     
  -1.00000000000000        7.60750213350669     
  -1.00000000000000        7.54009065311512     
  -1.00000000000000        7.65031973825573     
   1.00000000000000        7.51835266731171     
  -1.00000000000000        5.62251622580226     
   1.00000000000000        1.77245695003173     
   1.00000000000000       -2.79068376728922     
   1.00000000000000       -4.82548360994677     
   1.00000000000000       -5.85700578057150     
   1.00000000000000       -4.89682346386787     
   1.00000000000000       -1.91240499361199     
  -1.00000000000000        2.06563927385233     
  -1.00000000000000        5.73990692194862     
   1.00000000000000        8.77395145016137     
  -1.00000000000000        10.5733146119445     
   1.00000000000000        9.24705706242516     
  -1.00000000000000        5.02557520864948     
  -1.00000000000000        1.48071418757261     
  -1.00000000000000       -1.82454094787627     
  -1.00000000000000       -3.23087727595154     
   1.00000000000000       -4.11368000887962     
  -1.00000000000000       -5.39207655750729     
   1.00000000000000       -6.80103397462039     
  -1.00000000000000       -7.93961272378112     
  -1.00000000000000       -6.75017716473390     
  -1.00000000000000       -5.14492188845367     
  -1.00000000000000       -2.54318937029085     
   1.00000000000000      -0.776550747024873     
  -1.00000000000000      -0.889358536551018     
   1.00000000000000       -2.19416643790861     
   1.00000000000000       -4.26312548933322     
   1.00000000000000       -4.26593733269131     
  -1.00000000000000       -3.87189213126389     
   1.00000000000000       -2.25492453617193     
  -1.00000000000000       0.878817855538707     
  -1.00000000000000        4.42472591911279     
   1.00000000000000        5.46883119699793     
  -1.00000000000000        5.59044215057291     
   1.00000000000000        4.22277411592292     
   1.00000000000000       0.967125655675338     
   1.00000000000000       -1.00399343261338     
  -1.00000000000000       -2.80786377596236     
   1.00000000000000       -3.16964909756509     
   1.00000000000000       -1.11811328894699     
  -1.00000000000000        2.03603456469762     
  -1.00000000000000        3.31476369513749     
  -1.00000000000000        3.93838551864228     
   1.00000000000000        5.16547106820094     
   1.00000000000000        4.45692752944425     
  -1.00000000000000        1.59183387201864     
  -1.00000000000000       -2.12988566547734     
  -1.00000000000000       -3.98304284133263     
  -1.00000000000000       -3.02096678217672     
  -1.00000000000000       -2.13870529522064     
   1.00000000000000       -2.78944140451409     
   1.00000000000000       -4.20289519655578     
   1.00000000000000       -5.95863103812596     
  -1.00000000000000       -7.58229111366641     
  -1.00000000000000       -6.74389082024501     
  -1.00000000000000       -3.40894957194881     
  -1.00000000000000        1.19169066965075     
  -1.00000000000000        3.46089102330795     
  -1.00000000000000        2.75973051834912     
   1.00000000000000       0.195174387618335     
  -1.00000000000000       -3.19625070724920     
  -1.00000000000000       -6.34198384400311     
   1.00000000000000       -8.87457970553092     
   1.00000000000000       -8.33855232665304     
   1.00000000000000       -6.60911032781595     
  -1.00000000000000       -5.59406825129630     
   1.00000000000000       -3.36827971415055     
   1.00000000000000       0.351530837129596     
   1.00000000000000        4.58007623046318     
  -1.00000000000000        6.10275385281497     
  -1.00000000000000        6.52759175485378     
  -1.00000000000000        6.96647396329571     
  -1.00000000000000        7.27423447984771     
   1.00000000000000        5.69504435871173     
   1.00000000000000        1.87824018455728     
  -1.00000000000000       -2.56345905177697     
  -1.00000000000000       -6.72131168737301     
  -1.00000000000000       -7.80454238301362     
   1.00000000000000       -5.49568552378817     
  -1.00000000000000       -3.31822178342360     
  -1.00000000000000       -2.51728101960612     
   1.00000000000000       -2.98203163435914     
  -1.00000000000000       -2.09298212254009     
   1.00000000000000       -1.61506645581908     
   1.00000000000000       -2.51177629897577     
  -1.00000000000000       -2.07450843439994     
  -1.00000000000000       -1.99165176176849     
   1.00000000000000       -1.02560518736270     
  -1.00000000000000        1.25510388065083     
   1.00000000000000        1.90278050958646     
  -1.00000000000000       0.411901076961871     
   1.00000000000000      -0.167748820666213     
   1.00000000000000       -1.05863592739927     
  -1.00000000000000       -1.14937390725472     
  -1.00000000000000       -1.51528774836648     
  -1.00000000000000      -0.846067419916673     
  -1.00000000000000        1.41167996692946     
  -1.00000000000000        2.14310072859772     
   1.00000000000000       0.530122884066341     
   1.00000000000000       -2.26448713702738     
  -1.00000000000000       -5.59797725095116     
  -1.00000000000000       -8.36126841768337     
   1.00000000000000       -8.30347732853132     
   1.00000000000000       -5.01478572947139     
   1.00000000000000       -2.23211557045501     
   1.00000000000000       -1.16798935016370     
   1.00000000000000       0.491022577610775     
  -1.00000000000000        3.21918585374173     
  -1.00000000000000        6.13240088526934     
  -1.00000000000000        8.42636378330265     
   1.00000000000000        9.88563290079167     
  -1.00000000000000        8.31052423385673     
   1.00000000000000        3.91503433565586     
   1.00000000000000       -1.48186055704636     
  -1.00000000000000       -4.61835280766499     
  -1.00000000000000       -6.29828974933278     
  -1.00000000000000       -5.79095810144526     
  -1.00000000000000       -2.92485017142773     
  -1.00000000000000      -0.811475152108349     
  -1.00000000000000      -0.753552102809708     
  -1.00000000000000       -1.89494887726974     
   1.00000000000000       -3.95589749368251     
  -1.00000000000000       -6.13898669432419     
   1.00000000000000       -7.89045025114603     
   1.00000000000000       -9.09517702265219     
  -1.00000000000000       -7.65954733021220     
  -1.00000000000000       -5.67536397771620     
   1.00000000000000       -2.66641853624487     
   1.00000000000000        1.55117408598900     
   1.00000000000000        3.56993745906340     
   1.00000000000000        2.93047541971333     
   1.00000000000000        2.31928052021348     
   1.00000000000000        2.85203179199360     
   1.00000000000000        4.07811571011716     
  -1.00000000000000        5.60414397512185     
  -1.00000000000000        7.25105741463485     
  -1.00000000000000        8.47583108894144     
   1.00000000000000        9.10673392473697     
   1.00000000000000        7.41784713793373     
  -1.00000000000000        3.14650041692919     
   1.00000000000000       -2.05615638958265     
  -1.00000000000000       -4.89058629306653     
  -1.00000000000000       -4.62954163245278     
   1.00000000000000       -3.92603714456791     
  -1.00000000000000       -2.19153807267730     
  -1.00000000000000       -1.03099010712323     
   1.00000000000000       -1.49127183156844     
  -1.00000000000000      -0.894212670758154     
  -1.00000000000000      -0.758813335041548     
   1.00000000000000       -2.10081309243320     
   1.00000000000000       -2.14883424402144     
   1.00000000000000       -2.25940753367519     
   1.00000000000000       -3.34219917362552     
   1.00000000000000       -2.95471053295404     
   1.00000000000000      -0.483241407132457     
   1.00000000000000        2.89286838022260     
  -1.00000000000000        6.31688250395625     
  -1.00000000000000        8.94246870205834     
  -1.00000000000000        10.5298543700728     
  -1.00000000000000        10.9882916434063     
   1.00000000000000        8.68779746180527     
   1.00000000000000        3.91657649144829     
   1.00000000000000       -1.50005677394969     
   1.00000000000000       -6.48876104867292     
   1.00000000000000       -8.20768695278244     
   1.00000000000000       -6.36377770721183     
   1.00000000000000       -2.08481310635741     
   1.00000000000000        2.80929487159871     
   1.00000000000000        7.21843312844305     
  -1.00000000000000        10.3771010791952     
  -1.00000000000000        11.9657110551417     
   1.00000000000000        12.1377655819047     
  -1.00000000000000        11.3944008315112     
   1.00000000000000        7.96350394900192     
   1.00000000000000        2.33568654309827     
  -1.00000000000000       -1.50767592672204     
   1.00000000000000       -4.33340079978581     
  -1.00000000000000       -5.05673653066520     
  -1.00000000000000       -3.16112583495172     
   1.00000000000000       -1.66113309030028     
  -1.00000000000000       0.348927686160617     
  -1.00000000000000        1.22784556608905     
  -1.00000000000000       0.131048960800301     
   1.00000000000000       0.104183734032216     
  -1.00000000000000      -0.366152619086836     
   1.00000000000000       -2.02427646686333     
   1.00000000000000       -4.23119067032429     
   1.00000000000000       -4.38641825949843     
   1.00000000000000       -4.04405482109709     
   1.00000000000000       -2.53869865970392     
  -1.00000000000000       0.594559963216509     
  -1.00000000000000        4.15807808668428     
  -1.00000000000000        7.32101037684974     
  -1.00000000000000        9.59888589258160     
   1.00000000000000        8.90782966107948     
  -1.00000000000000        5.11083501265899     
  -1.00000000000000      -1.159347541741457E-002
  -1.00000000000000       -5.20788595106481     
  -1.00000000000000       -7.51186703486797     
  -1.00000000000000       -8.00851360556442     
  -1.00000000000000       -8.19631173104972     
  -1.00000000000000       -8.18093226145555     
   1.00000000000000       -7.91884893622331     
   1.00000000000000       -7.72276781997494     
  -1.00000000000000       -7.43441875516382     
   1.00000000000000       -7.05534966030627     
  -1.00000000000000       -4.99801587340517     
  -1.00000000000000       -1.05646230739311     
  -1.00000000000000        1.46553783020587     
  -1.00000000000000        3.50394248566798     
  -1.00000000000000        3.70345355325047     
  -1.00000000000000        1.57643990975376     
  -1.00000000000000       -1.55969062884166     
   1.00000000000000       -4.92011329293078     
   1.00000000000000       -7.70454768641916     
  -1.00000000000000       -9.68277211838095     
   1.00000000000000       -10.8096876337444     
   1.00000000000000       -8.86753079100878     
  -1.00000000000000       -4.07030727799162     
   1.00000000000000      -0.374349367015810     
   1.00000000000000        2.72981873289158     
  -1.00000000000000        5.90204455225653     
   1.00000000000000        6.34551600683433     
   1.00000000000000        6.07289361172338     
   1.00000000000000        6.19400019770446     
   1.00000000000000        4.53310903546826     
   1.00000000000000        3.02321858697099     
  -1.00000000000000        2.86763830421749     
  -1.00000000000000        3.80461287349104     
  -1.00000000000000        5.52447278244334     
  -1.00000000000000        6.99247325245371     
   1.00000000000000        6.00623686444328     
   1.00000000000000        2.53021592456035     
   1.00000000000000       -2.01464603512491     
  -1.00000000000000       -6.33520401060473     
  -1.00000000000000       -7.68855828357465     
   1.00000000000000       -5.57479291154718     
   1.00000000000000       -1.41872725480319     
   1.00000000000000        1.15965895614177     
   1.00000000000000        1.27048655460336     
  -1.00000000000000        1.56622836233060     
   1.00000000000000        3.03936104051954     
   1.00000000000000        5.09835115220754     
   1.00000000000000        6.92483061384712     
   1.00000000000000        6.30502856415502     
   1.00000000000000        5.04204843066886     
   1.00000000000000        4.53637191692797     
   1.00000000000000        4.89198789167705     
   1.00000000000000        5.68511385074930     
  -1.00000000000000        6.57010765677008     
  -1.00000000000000        7.18577159887297     
   1.00000000000000        7.73546202149766     
   1.00000000000000        8.04969021947745     
   1.00000000000000        6.11072927818063     
   1.00000000000000        2.26145554007973     
  -1.00000000000000      -0.547967101976293     
   1.00000000000000      -0.973711327745566     
  -1.00000000000000       0.268264354028558     
  -1.00000000000000        2.52580878433516     
  -1.00000000000000        3.21624991906087     
   1.00000000000000        3.57528231755440     
   1.00000000000000        2.73731603118185     
   1.00000000000000      -2.095151152069659E-002
  -1.00000000000000       -3.30604635369545     
  -1.00000000000000       -4.35587013780121     
   1.00000000000000       -2.65489370902495     
   1.00000000000000       0.557385252130882     
   1.00000000000000        2.27304813679463     
  -1.00000000000000        1.50991968544452     
  -1.00000000000000        1.06413319382187     
   1.00000000000000        1.90762870661740     
   1.00000000000000        3.64649775877230     
  -1.00000000000000        3.86445363021727     
  -1.00000000000000        1.66830951725383     
  -1.00000000000000       0.286563769956528     
   1.00000000000000       0.821710085398025     
  -1.00000000000000       0.521241382186543     
  -1.00000000000000       -1.37755690378770     
  -1.00000000000000       -3.80261807224333     
  -1.00000000000000       -4.35370560850258     
   1.00000000000000       -4.17095852862675     
   1.00000000000000       -4.67486508691178     
   1.00000000000000       -5.53383398920421     
   1.00000000000000       -6.40657516845453     
  -1.00000000000000       -5.19076424533845     
   1.00000000000000       -1.81509148245539     
   1.00000000000000        2.54054977864706     
   1.00000000000000        6.69975423449552     
  -1.00000000000000        7.50876105529776     
  -1.00000000000000        7.07932071550919     
  -1.00000000000000        6.92670584401347     
  -1.00000000000000        7.12659599746205     
  -1.00000000000000        5.25434239960379     
  -1.00000000000000        1.46114677752738     
   1.00000000000000       -3.05252781052125     
   1.00000000000000       -6.98539894468531     
   1.00000000000000       -9.66656107924035     
   1.00000000000000       -11.2213363985023     
  -1.00000000000000       -9.46415409402999     
  -1.00000000000000       -4.83648106549837     
   1.00000000000000       0.971097909661915     
  -1.00000000000000        6.35682341072051     
   1.00000000000000        8.21610009827637     
  -1.00000000000000        6.39074546161853     
  -1.00000000000000        4.32823160471830     
   1.00000000000000        1.45626631334881     
   1.00000000000000      -0.308266067936594     
  -1.00000000000000       -1.85775704563495     
  -1.00000000000000       -4.09849025006356     
   1.00000000000000       -4.59706738432443     
  -1.00000000000000       -2.51976434270539     
   1.00000000000000       -1.14500017321981     
  -1.00000000000000       -1.45090675227509     
   1.00000000000000      -0.827161029608660     
   1.00000000000000      -0.503840967271637     
   1.00000000000000       0.351733667973761     
  -1.00000000000000       0.179330564403035     
  -1.00000000000000       0.553698008988396     
   1.00000000000000        2.35940127645539     
  -1.00000000000000        4.67656592745469     
   1.00000000000000        4.88923917172494     
  -1.00000000000000        2.55911003288661     
  -1.00000000000000       0.933900787723098     
  -1.00000000000000      -0.839162132369809     
  -1.00000000000000       -1.27962361152996     
  -1.00000000000000       -1.72464889695413     
  -1.00000000000000       -3.26113067927600     
   1.00000000000000       -5.30908816531499     
  -1.00000000000000       -7.13027455546108     
   1.00000000000000       -8.43482345538153     
  -1.00000000000000       -9.12419818271465     
   1.00000000000000       -7.26469156417468     
  -1.00000000000000       -5.16157840808084     
   1.00000000000000       -2.36589285607420     
   1.00000000000000      -0.592830901883559     
  -1.00000000000000        1.10635175279299     
  -1.00000000000000        1.70932156701760     
   1.00000000000000        2.20551694574276     
   1.00000000000000        3.34283760129574     
  -1.00000000000000        2.96897496123252     
  -1.00000000000000       0.615097476747041     
   1.00000000000000      -0.654921756631240     
  -1.00000000000000       7.273698132146587E-002
   1.00000000000000       7.722425985011322E-003
   1.00000000000000       -1.53437828105111     
   1.00000000000000       -1.76166641615843     
   1.00000000000000       -2.27717744817105     
  -1.00000000000000       -1.78570847252733     
   1.00000000000000       0.682970811322375     
  -1.00000000000000        3.66284975924878     
  -1.00000000000000        6.61509394470765     
   1.00000000000000        6.87708445398630     
  -1.00000000000000        6.24040514313989     
   1.00000000000000        3.96239283171099     
  -1.00000000000000       4.680378601641128E-002
   1.00000000000000       -2.28202223630621     
  -1.00000000000000       -3.98160075166367     
  -1.00000000000000       -3.81144326841716     
   1.00000000000000       -3.27892198029992     
  -1.00000000000000       -1.88921899827517     
   1.00000000000000       -1.13122585776351     
  -1.00000000000000       -1.76763463697953     
   1.00000000000000       -1.14458291121501     
  -1.00000000000000       -1.07890826044618     
   1.00000000000000      -0.409202213291934     
   1.00000000000000      -0.222779727270282     
  -1.00000000000000       0.538812604402997     
   1.00000000000000       0.227785979334873     
  -1.00000000000000       0.477203974000536     
   1.00000000000000        2.09047770419736     
   1.00000000000000        2.13063469462659     
  -1.00000000000000        2.33545347008477     
  -1.00000000000000        1.40866141620022     
   1.00000000000000        1.10392582877775     
   1.00000000000000        2.16657355812882     
   1.00000000000000        1.82687022566809     
  -1.00000000000000      -0.347456670089619     
   1.00000000000000       -1.24363467482438     
  -1.00000000000000      -0.114155406252155     
  -1.00000000000000        2.26115229834671     
  -1.00000000000000        2.99894414755378     
  -1.00000000000000        3.21182917351288     
  -1.00000000000000        2.14969424456391     
  -1.00000000000000      -0.644715159299037     
  -1.00000000000000       -4.11143486111111     
   1.00000000000000       -7.25518823791898     
  -1.00000000000000       -9.37939118431058     
   1.00000000000000       -10.5699420588104     
  -1.00000000000000       -10.6848033435963     
   1.00000000000000       -8.11629082291301     
  -1.00000000000000       -5.25226879957336     
  -1.00000000000000       -1.53416919499987     
  -1.00000000000000       0.667274062401615     
   1.00000000000000        2.57955134720121     
   1.00000000000000        2.98520711909589     
  -1.00000000000000        1.22486057846496     
   1.00000000000000       -1.79085180728571     
  -1.00000000000000       -2.97069126697385     
  -1.00000000000000       -1.59544140620237     
  -1.00000000000000      -0.894966492963173     
   1.00000000000000       0.182076306950518     
   1.00000000000000       0.370218643493049     
  -1.00000000000000      -0.951751419277708     
   1.00000000000000       -3.25420430611866     
  -1.00000000000000       -3.77622903535587     
  -1.00000000000000       -1.85115700886778     
   1.00000000000000      -0.650998989947231     
  -1.00000000000000       0.953481514601493     
  -1.00000000000000        1.28641599157776     
  -1.00000000000000      -0.231740487314049     
   1.00000000000000      -0.629276665135653     
  -1.00000000000000       -1.22080251037062     
   1.00000000000000       -3.03819829255208     
   1.00000000000000       -5.26510279173137     
  -1.00000000000000       -5.09877519319431     
  -1.00000000000000       -4.31977539909930     
   1.00000000000000       -2.45037154716966     
   1.00000000000000        1.02571140401192     
  -1.00000000000000        2.58576311474788     
  -1.00000000000000        1.72906769491923     
   1.00000000000000        1.43143528178405     
  -1.00000000000000        2.48769320327352     
   1.00000000000000        2.13901205238524     
  -1.00000000000000      -2.538944203218510E-002
  -1.00000000000000       -1.03351438120431     
  -1.00000000000000       -1.91403807479963     
  -1.00000000000000       -1.69974997609236     
  -1.00000000000000       -1.74186727360641     
  -1.00000000000000       -2.89467397740391     
  -1.00000000000000       -4.82041929202668     
  -1.00000000000000       -6.65010897558513     
   1.00000000000000       -8.07326281840862     
   1.00000000000000       -8.94864501434402     
   1.00000000000000       -9.17941031614848     
  -1.00000000000000       -9.09466255962761     
  -1.00000000000000       -6.74597427473862     
  -1.00000000000000       -2.44130319929546     
  -1.00000000000000        2.55772100296849     
   1.00000000000000        5.16035327625711     
   1.00000000000000        4.43733679088629     
  -1.00000000000000        1.45271894420375     
   1.00000000000000       -2.45161855622422     
  -1.00000000000000       -4.19623203030188     
  -1.00000000000000       -3.07478871898309     
  -1.00000000000000       -2.29087316759613     
   1.00000000000000      -0.745739424436408     
   1.00000000000000      -6.776557013324001E-002
  -1.00000000000000       -1.08633563498634     
   1.00000000000000       -3.06218029292680     
  -1.00000000000000       -3.45311490378449     
   1.00000000000000       -1.57096091022061     
   1.00000000000000      -0.417114988461054     
  -1.00000000000000       0.893478803897619     
  -1.00000000000000        1.09466194306105     
   1.00000000000000        1.62554051907164     
  -1.00000000000000        3.18756794402859     
  -1.00000000000000        3.16206874250249     
  -1.00000000000000       0.981134341978240     
   1.00000000000000      -0.210185611720316     
   1.00000000000000       -1.47881123825485     
  -1.00000000000000       -3.44643537999374     
   1.00000000000000       -5.70324822022892     
   1.00000000000000       -5.62179950715206     
  -1.00000000000000       -2.96956980271888     
   1.00000000000000       -1.13030531798924     
  -1.00000000000000       0.884565183898065     
   1.00000000000000        3.87131764873899     
   1.00000000000000        4.69002453580363     
  -1.00000000000000        4.88644357084641     
   1.00000000000000        3.63689218257774     
   1.00000000000000        2.35862998938394     
  -1.00000000000000        2.57624419557102     
   1.00000000000000        1.65855579548075     
  -1.00000000000000        1.23249567303920     
  -1.00000000000000        2.17309386808470     
  -1.00000000000000        1.78401080039267     
   1.00000000000000        1.80050612771166     
   1.00000000000000       0.885185070235924     
  -1.00000000000000       -1.56633319312434     
   1.00000000000000       -4.49338047435858     
   1.00000000000000       -5.19433991568765     
  -1.00000000000000       -3.12383634936084     
  -1.00000000000000       -1.57840656523293     
  -1.00000000000000       0.438339731630625     
   1.00000000000000        3.36532485529177     
  -1.00000000000000        4.35399838003509     
  -1.00000000000000        2.64160276361272     
  -1.00000000000000      -0.306326569151787     
  -1.00000000000000       -1.98882306425863     
  -1.00000000000000       -3.40569254382224     
   1.00000000000000       -5.14033683431002     
  -1.00000000000000       -6.79075715826226     
  -1.00000000000000       -8.07868845289994     
  -1.00000000000000       -8.73096653037880     
   1.00000000000000       -6.84609055671326     
  -1.00000000000000       -4.65458132243465     
  -1.00000000000000       -3.65630215248865     
  -1.00000000000000       -3.67890883027829     
   1.00000000000000       -2.37676792649497     
  -1.00000000000000       -1.66533652832539     
  -1.00000000000000       -2.26600735330303     
  -1.00000000000000       -3.78743081668549     
   1.00000000000000       -3.60178204171269     
  -1.00000000000000       -3.14047610786761     
  -1.00000000000000       -3.82924672083517     
   1.00000000000000       -5.18814796929419     
  -1.00000000000000       -4.39069173804241     
  -1.00000000000000       -3.53742697880782     
  -1.00000000000000       -3.66656765562978     
  -1.00000000000000       -2.49029365739291     
  -1.00000000000000       -1.56886318446961     
  -1.00000000000000       -2.10439006506426     
   1.00000000000000       -3.54100201044731     
   1.00000000000000       -5.35849788720461     
   1.00000000000000       -7.05394378170728     
   1.00000000000000       -8.41786539185989     
   1.00000000000000       -7.13946849371567     
   1.00000000000000       -3.31780009138853     
   1.00000000000000        1.45855173057929     
   1.00000000000000        5.96354573633047     
   1.00000000000000        9.49352421512136     
  -1.00000000000000        11.6618725765516     
   1.00000000000000        12.3613266232190     
   1.00000000000000        11.8159649826732     
   1.00000000000000        10.4055897717603     
  -1.00000000000000        7.01375948698155     
  -1.00000000000000        3.57855566409693     
   1.00000000000000        2.04035157729917     
   1.00000000000000        1.88055715949711     
   1.00000000000000       0.994620724114550     
   1.00000000000000       -1.30881847848165     
   1.00000000000000       -2.10746621230835     
   1.00000000000000      -0.631355944924096     
  -1.00000000000000        2.15035117455755     
   1.00000000000000        5.16670732182815     
   1.00000000000000        7.76407376170233     
  -1.00000000000000        9.16891177387380     
  -1.00000000000000        7.97506231702779     
  -1.00000000000000        6.00025358477069     
  -1.00000000000000        4.88959128413287     
  -1.00000000000000        2.71822441336375     
   1.00000000000000      -0.979278201371394     
   1.00000000000000       -4.81089757211951     
   1.00000000000000       -7.93035761741681     
   1.00000000000000       -10.1184033415933     
  -1.00000000000000       -9.03918535506581     
   1.00000000000000       -5.22534756891246     
  -1.00000000000000       5.988650171564807E-002
   1.00000000000000        5.28806305580890     
  -1.00000000000000        7.26863517157109     
   1.00000000000000        7.59547638517092     
  -1.00000000000000        5.75413195066308     
   1.00000000000000        3.87577787504722     
   1.00000000000000        1.30257107343331     
   1.00000000000000      -0.178556718317062     
   1.00000000000000       -1.81715059489616     
   1.00000000000000       -2.18267877988930     
   1.00000000000000      -0.414724591329065     
  -1.00000000000000        2.62621273789427     
   1.00000000000000        5.57149046676601     
   1.00000000000000        7.97534389371567     
  -1.00000000000000        9.66154953535612     
  -1.00000000000000        8.59935020872475     
  -1.00000000000000        6.66223696269756     
  -1.00000000000000        5.50850181425446     
   1.00000000000000        3.23028054455320     
  -1.00000000000000      -0.495674284685770     
  -1.00000000000000       -4.47502002050152     
  -1.00000000000000       -7.93974605495967     
  -1.00000000000000       -8.42598461341318     
  -1.00000000000000       -7.51966886413678     
  -1.00000000000000       -7.03145095564652     
   1.00000000000000       -6.74765929887927     
  -1.00000000000000       -6.65664932486409     
  -1.00000000000000       -6.82343240620188     
  -1.00000000000000       -7.11218590224430     
   1.00000000000000       -5.22997532020194     
  -1.00000000000000       -3.09886788169234     
   1.00000000000000       -2.44520151039602     
  -1.00000000000000       -3.01723718127732     
   1.00000000000000       -2.37024070724546     
   1.00000000000000       -1.70653639897307     
   1.00000000000000      -0.281274869016197     
  -1.00000000000000       0.256520509248867     
   1.00000000000000        1.00633774221415     
   1.00000000000000        2.67374421827596     
  -1.00000000000000        4.73333919592144     
  -1.00000000000000        4.61070378338991     
   1.00000000000000        3.91750077679978     
  -1.00000000000000        4.05355817752324     
   1.00000000000000        2.75001426290147     
  -1.00000000000000      -7.107143669393798E-002
  -1.00000000000000       -1.59869973125114     
   1.00000000000000       -2.90882230031217     
  -1.00000000000000       -2.49171253694662     
  -1.00000000000000       -2.24962730131222     
   1.00000000000000       -3.32570417480434     
   1.00000000000000       -2.89563479924920     
   1.00000000000000       -2.55979798743476     
   1.00000000000000       -3.37209518676100     
  -1.00000000000000       -2.90979909689693     
   1.00000000000000      -0.357088104745946     
   1.00000000000000        2.91665613839564     
  -1.00000000000000        6.22874163778937     
   1.00000000000000        6.77819562901386     
  -1.00000000000000        6.34107454904403     
   1.00000000000000        6.26713332327390     
  -1.00000000000000        4.21946612045530     
   1.00000000000000        2.58489994234742     
   1.00000000000000       0.470202126535518     
  -1.00000000000000      -0.668875027237318     
  -1.00000000000000       -1.70462588850071     
  -1.00000000000000       -1.53889676829943     
   1.00000000000000       0.309881408222844     
   1.00000000000000       0.990526556685022     
   1.00000000000000      -0.275988479687026     
  -1.00000000000000       -2.53759617430804     
   1.00000000000000       -3.15944687723280     
  -1.00000000000000       -1.52327371883089     
  -1.00000000000000        1.27238790731465     
  -1.00000000000000        2.59546373693648     
   1.00000000000000        3.68491777858351     
   1.00000000000000        3.31223233133769     
  -1.00000000000000       0.744384054230046     
   1.00000000000000       -2.68463129355549     
   1.00000000000000       -4.14693030222371     
   1.00000000000000       -2.83879403188066     
   1.00000000000000       -1.89759511514127     
  -1.00000000000000      -0.458822777644041     
  -1.00000000000000        2.03203281302126     
   1.00000000000000        4.72921519655618     
  -1.00000000000000        7.07163945052994     
  -1.00000000000000        6.84204734706411     
  -1.00000000000000        3.75896687862396     
  -1.00000000000000        1.26046907319914     
  -1.00000000000000       -1.34985632873109     
  -1.00000000000000       -4.36502801961918     
   1.00000000000000       -7.05471807655019     
  -1.00000000000000       -9.18069324629485     
   1.00000000000000       -10.2058976843361     
  -1.00000000000000       -10.3924040708663     
   1.00000000000000       -7.86894606446600     
  -1.00000000000000       -5.06866509540730     
   1.00000000000000       -1.64223999218151     
   1.00000000000000       0.506016470968990     
   1.00000000000000        2.27729953269027     
   1.00000000000000        2.55112683793097     
  -1.00000000000000        2.71322910276497     
  -1.00000000000000        3.92854058150329     
  -1.00000000000000        5.54777459542813     
   1.00000000000000        7.03523828717745     
   1.00000000000000        6.13597667273651     
   1.00000000000000        2.58373159307838     
   1.00000000000000       -1.89088908717622     
   1.00000000000000       -4.22817324362631     
  -1.00000000000000       -3.54847699764395     
  -1.00000000000000      -0.857885651372267     
  -1.00000000000000        2.85525239956105     
  -1.00000000000000        6.25621542949377     
  -1.00000000000000        6.90563151750192     
   1.00000000000000        4.45865955752712     
   1.00000000000000       0.294022179115219     
  -1.00000000000000       -4.02506986171470     
  -1.00000000000000       -7.66497965227976     
   1.00000000000000       -8.19813783581887     
   1.00000000000000       -5.40302374462910     
  -1.00000000000000       -2.84654236568212     
  -1.00000000000000       -1.98660248615689     
  -1.00000000000000      -0.495034924400665     
   1.00000000000000        2.10598776823781     
  -1.00000000000000        2.98127426395995     
   1.00000000000000        1.42469131516619     
  -1.00000000000000       -1.44158362790115     
   1.00000000000000       -2.62228508976773     
   1.00000000000000       -3.47475606843679     
   1.00000000000000       -2.85012747309736     
   1.00000000000000       -2.34824222588695     
   1.00000000000000      -0.886137560782787     
   1.00000000000000        1.96000224284163     
   1.00000000000000        5.17607333189720     
   1.00000000000000        7.78180753617556     
   1.00000000000000        9.76338434082324     
  -1.00000000000000        10.7177491016182     
   1.00000000000000        10.7861302594482     
  -1.00000000000000        10.1069967819360     
   1.00000000000000        9.17560556446227     
  -1.00000000000000        6.09366463599245     
   1.00000000000000        3.04446987738445     
   1.00000000000000      -9.962637755108965E-002
   1.00000000000000       -1.78970185673539     
   1.00000000000000       -3.13082524014805     
   1.00000000000000       -2.87797307278957     
   1.00000000000000      -0.518051594898875     
  -1.00000000000000        2.47357288763896     
   1.00000000000000        5.69166166098143     
  -1.00000000000000        8.42606341480641     
  -1.00000000000000        10.1282672405622     
   1.00000000000000        8.78126979659349     
  -1.00000000000000        6.55071982164081     
   1.00000000000000        3.20173129727211     
   1.00000000000000       -1.24918323635693     
   1.00000000000000       -3.71626544669940     
   1.00000000000000       -4.98401743714938     
  -1.00000000000000       -4.39894452123856     
  -1.00000000000000       -1.67789656282439     
   1.00000000000000        2.21336779470428     
   1.00000000000000        5.91302910707500     
  -1.00000000000000        6.83925716621570     
   1.00000000000000        4.69360625320386     
  -1.00000000000000        2.81411715396108     
  -1.00000000000000        2.48485792336888     
   1.00000000000000        1.39546068085576     
   1.00000000000000       0.676832269618537     
   1.00000000000000      -0.555563006107625     
  -1.00000000000000       -2.81728064234067     
  -1.00000000000000       -3.21340767305487     
   1.00000000000000       -1.44807070673068     
   1.00000000000000        1.89962663378570     
   1.00000000000000        3.34230640589217     
  -1.00000000000000        2.25601903592607     
   1.00000000000000        1.29128351387819     
  -1.00000000000000        1.71381879759845     
   1.00000000000000        3.09843434402476     
  -1.00000000000000        2.93948416269505     
   1.00000000000000        2.55442452355040     
  -1.00000000000000        1.21725585752155     
   1.00000000000000       0.490517007232135     
   1.00000000000000      -0.521695494533807     
  -1.00000000000000      -0.566866677814108     
   1.00000000000000       -1.14572007379136     
  -1.00000000000000      -0.718749972566248     
  -1.00000000000000        1.35275957898928     
   1.00000000000000        2.26141479949407     
  -1.00000000000000        3.10449313674654     
   1.00000000000000        2.46166470959619     
   1.00000000000000       9.600670767399666E-002
  -1.00000000000000       -1.19267494160226     
  -1.00000000000000       -2.56426298545651     
   1.00000000000000       -2.50489346385459     
  -1.00000000000000      -0.471275010425328     
   1.00000000000000       0.613677264839670     
   1.00000000000000      -0.376538795120753     
  -1.00000000000000      -0.489336567191436     
   1.00000000000000       -1.07847351849927     
  -1.00000000000000      -0.737150844601991     
  -1.00000000000000       0.904086611716159     
   1.00000000000000        1.41313794180733     
   1.00000000000000        1.85940659682820     
   1.00000000000000        1.29964093789288     
  -1.00000000000000      -0.771131252713169     
   1.00000000000000       -1.61282464656111     
  -1.00000000000000      -0.348659717115904     
   1.00000000000000        1.99536575544100     
  -1.00000000000000        2.71453332201292     
  -1.00000000000000        3.00599644574208     
  -1.00000000000000        2.18494032180425     
  -1.00000000000000        1.57656046383152     
  -1.00000000000000       0.262958193621668     
   1.00000000000000       -2.34025961861949     
  -1.00000000000000       -5.09801289876319     
  -1.00000000000000       -7.51557133606157     
  -1.00000000000000       -9.23264457776665     
   1.00000000000000       -8.00218246622619     
   1.00000000000000       -6.14379274291352     
   1.00000000000000       -5.16524873142250     
   1.00000000000000       -4.99146956048610     
   1.00000000000000       -3.27126059633866     
   1.00000000000000       0.153447138437825     
  -1.00000000000000        3.90654419358751     
  -1.00000000000000        7.25940330072970     
   1.00000000000000        9.66650446738589     
   1.00000000000000        11.1475979632284     
  -1.00000000000000        9.52941316192026     
  -1.00000000000000        4.93137865931871     
   1.00000000000000        1.27473661243093     
   1.00000000000000      -0.137734357925150     
  -1.00000000000000       -1.70760089320712     
   1.00000000000000       -3.98848093896588     
  -1.00000000000000       -4.34905243052061     
   1.00000000000000       -2.34074305028594     
   1.00000000000000      -0.916714224661956     
   1.00000000000000       0.879400486856907     
  -1.00000000000000        1.44510606627487     
  -1.00000000000000        2.19239291084555     
   1.00000000000000        3.64992257329932     
  -1.00000000000000        5.54691324633658     
  -1.00000000000000        5.09980620722300     
  -1.00000000000000        2.23017955241524     
   1.00000000000000       0.235089738600564     
  -1.00000000000000       -1.62364339917003     
  -1.00000000000000       -4.06026093715078     
  -1.00000000000000       -6.65557397896437     
   1.00000000000000       -6.64009082852675     
   1.00000000000000       -5.86535907462559     
  -1.00000000000000       -5.74471957979905     
   1.00000000000000       -6.17952917039455     
   1.00000000000000       -4.78855102428308     
   1.00000000000000       -1.29620090868914     
  -1.00000000000000       0.874164834526513     
  -1.00000000000000        2.77245908995616     
  -1.00000000000000        5.07785737836129     
  -1.00000000000000        7.22015646139398     
  -1.00000000000000        6.65785152415642     
   1.00000000000000        3.30164999323384     
  -1.00000000000000       -1.28872987304703     
  -1.00000000000000       -5.82987116309925     
   1.00000000000000       -9.43677341698747     
  -1.00000000000000       -9.56797323273153     
   1.00000000000000       -8.24453950919889     
  -1.00000000000000       -7.18058073429205     
  -1.00000000000000       -4.49982639254072     
  -1.00000000000000       -2.26119818679964     
   1.00000000000000       0.297919497030832     
   1.00000000000000        1.60101470937075     
   1.00000000000000       0.686214875892666     
  -1.00000000000000       -1.62954442512894     
  -1.00000000000000       -2.32977790696653     
  -1.00000000000000      -0.801108438969975     
  -1.00000000000000        1.85501874789832     
   1.00000000000000        2.73318441292754     
  -1.00000000000000        1.34886886286323     
  -1.00000000000000       -1.54579461035742     
  -1.00000000000000       -4.71652005837773     
  -1.00000000000000       -5.42627442880119     
   1.00000000000000       -5.36361122001223     
   1.00000000000000       -5.86360463896090     
  -1.00000000000000       -6.63822559012740     
   1.00000000000000       -7.28515187561881     
   1.00000000000000       -5.63440103759287     
  -1.00000000000000       -1.71630205996586     
   1.00000000000000       0.837332036768635     
   1.00000000000000        2.98594124880053     
   1.00000000000000        5.42859318705207     
  -1.00000000000000        5.63001454311400     
   1.00000000000000        5.30855043926638     
  -1.00000000000000        5.59879635074213     
  -1.00000000000000        6.25524186757542     
   1.00000000000000        4.90696174464706     
  -1.00000000000000        3.40066539133381     
   1.00000000000000        1.08986260026585     
  -1.00000000000000       -2.28716061303883     
  -1.00000000000000       -3.66490774407669     
   1.00000000000000       -4.53090834493752     
   1.00000000000000       -3.88160158293830     
  -1.00000000000000       -3.16751320732046     
  -1.00000000000000       -3.51071710130626     
   1.00000000000000       -2.56468444038324     
  -1.00000000000000       0.335641837170072     
  -1.00000000000000        1.83517049362004     
   1.00000000000000       0.899476275449213     
  -1.00000000000000       0.466394068471473     
  -1.00000000000000      -0.487332223929379     
  -1.00000000000000       -2.75009780436797     
  -1.00000000000000       -3.28326296133117     
