  -1.00000000000000      -0.148536257502243     
   1.00000000000000       -1.18862802222619     
   1.00000000000000       -1.25241308698450     
  -1.00000000000000       0.134412811166953     
  -1.00000000000000       0.391208837404251     
  -1.00000000000000       -1.02020721326058     
   1.00000000000000       -3.10661714740224     
  -1.00000000000000       -3.33563428265044     
   1.00000000000000       -3.35328518052918     
  -1.00000000000000       -2.24488360805438     
   1.00000000000000       -1.53197895519248     
   1.00000000000000      -7.532127501388031E-002
   1.00000000000000        2.71663267467008     
   1.00000000000000        5.72818791360147     
  -1.00000000000000        8.09465904311046     
   1.00000000000000        7.55076294753775     
  -1.00000000000000        6.08246819511944     
  -1.00000000000000        3.41026942348482     
   1.00000000000000      -0.626988160425966     
  -1.00000000000000       -2.90093588516851     
   1.00000000000000       -4.27719207694227     
   1.00000000000000       -3.90843029307286     
   1.00000000000000       -1.64606016675447     
  -1.00000000000000        1.59416145165670     
   1.00000000000000        3.12229438080582     
   1.00000000000000        4.19312445039609     
  -1.00000000000000        5.62666590872165     
   1.00000000000000        4.98551275333390     
   1.00000000000000        4.08394726417109     
   1.00000000000000        4.31193350436080     
  -1.00000000000000        5.15207733525891     
   1.00000000000000        4.32183292267957     
  -1.00000000000000        3.47901445241442     
   1.00000000000000        1.63039020719642     
   1.00000000000000       0.451228628024134     
  -1.00000000000000        1.07600471467953     
   1.00000000000000       0.795597600393015     
   1.00000000000000       0.875327675624483     
  -1.00000000000000        2.20227434386465     
  -1.00000000000000        2.12550847951406     
  -1.00000000000000       2.079408618308465E-002
   1.00000000000000       -2.93921170315234     
  -1.00000000000000       -3.69069456933732     
  -1.00000000000000       -3.96974448534824     
   1.00000000000000       -4.81857184183864     
   1.00000000000000       -3.87403744038506     
  -1.00000000000000       -1.07349595046528     
   1.00000000000000       0.666161022335727     
   1.00000000000000        2.48105200028964     
   1.00000000000000        4.78548364023177     
   1.00000000000000        6.89034904264227     
  -1.00000000000000        8.62156878211325     
  -1.00000000000000        7.89951793697504     
  -1.00000000000000        4.45713799390776     
   1.00000000000000      -0.343036958211041     
   1.00000000000000       -3.23959917667418     
  -1.00000000000000       -3.36633690628070     
  -1.00000000000000       -3.41285735893608     
   1.00000000000000       -4.19362009741932     
  -1.00000000000000       -3.46640759658816     
   1.00000000000000       -2.94421766784593     
  -1.00000000000000       -1.56721447457522     
   1.00000000000000      -0.647479230473164     
   1.00000000000000       0.824742461528824     
   1.00000000000000        3.19879081490601     
   1.00000000000000        5.71195564568480     
  -1.00000000000000        7.73350337527633     
   1.00000000000000        6.88543642683395     
   1.00000000000000        5.30299975286757     
  -1.00000000000000        4.60304501972538     
   1.00000000000000        2.69937483855470     
  -1.00000000000000        1.39723956459797     
   1.00000000000000      -0.132047615558533     
  -1.00000000000000      -0.470453929070084     
  -1.00000000000000       -1.04473807744920     
   1.00000000000000       -2.55954173535581     
   1.00000000000000       -2.40982445971773     
  -1.00000000000000      -0.430531057811137     
  -1.00000000000000       0.698985524337957     
  -1.00000000000000      -4.787216161081154E-002
  -1.00000000000000       -2.09395195376698     
  -1.00000000000000       -4.61894133814782     
  -1.00000000000000       -6.97337331758747     
   1.00000000000000       -8.56342668185451     
   1.00000000000000       -7.55582860994997     
   1.00000000000000       -4.04549803810367     
   1.00000000000000       0.706354790694045     
  -1.00000000000000        5.45507038811057     
  -1.00000000000000        7.35231904275993     
   1.00000000000000        5.66968393760264     
   1.00000000000000        3.89941522144407     
  -1.00000000000000        3.47145157938385     
  -1.00000000000000        1.95451182891303     
  -1.00000000000000       -1.01050622867462     
   1.00000000000000       -4.40873024227955     
   1.00000000000000       -5.46080377881805     
  -1.00000000000000       -3.64264467735073     
   1.00000000000000       -2.07807955959071     
  -1.00000000000000       0.115951145374908     
   1.00000000000000        1.31688229138610     
   1.00000000000000        2.35399426865795     
  -1.00000000000000        4.07662706619476     
  -1.00000000000000        4.08443137149730     
  -1.00000000000000        1.89171744750237     
   1.00000000000000       -1.40243233058607     
   1.00000000000000       -2.65896412204990     
  -1.00000000000000       -1.36985859044616     
   1.00000000000000      -0.759881154549161     
  -1.00000000000000       0.127443168507919     
  -1.00000000000000       7.105619506705940E-002
  -1.00000000000000       -1.60976520031940     
   1.00000000000000       -3.96089542085977     
  -1.00000000000000       -4.33029474371264     
   1.00000000000000       -4.16694829486441     
   1.00000000000000       -2.72519212080595     
  -1.00000000000000       0.182360230148917     
   1.00000000000000        1.70583121200848     
   1.00000000000000        3.01088344948269     
  -1.00000000000000        4.86747855707368     
  -1.00000000000000        4.74445078354641     
   1.00000000000000        2.07597664358038     
  -1.00000000000000       0.215330610287460     
  -1.00000000000000       -1.77535691276585     
  -1.00000000000000       -4.27014083855885     
  -1.00000000000000       -6.39365843890356     
  -1.00000000000000       -8.14730949277663     
  -1.00000000000000       -9.45107691371310     
   1.00000000000000       -10.0665131614529     
   1.00000000000000       -8.23302408218185     
   1.00000000000000       -3.91162960084477     
  -1.00000000000000        1.45657904860914     
   1.00000000000000        4.49360117377993     
   1.00000000000000        6.35803546570011     
   1.00000000000000        7.81472331259997     
  -1.00000000000000        8.64541373204918     
   1.00000000000000        7.01260807372072     
   1.00000000000000        4.95027428074162     
  -1.00000000000000        3.90557258181768     
   1.00000000000000        1.85356254947933     
  -1.00000000000000       0.422976541967867     
  -1.00000000000000       -1.38117457533151     
   1.00000000000000       -4.01170268592330     
   1.00000000000000       -4.52625263030725     
   1.00000000000000       -2.36205358847321     
  -1.00000000000000        1.33672507704408     
   1.00000000000000        3.23063506165981     
   1.00000000000000        4.24483873543225     
   1.00000000000000        5.67374642052568     
  -1.00000000000000        7.32571918601397     
   1.00000000000000        6.71736603830764     
   1.00000000000000        5.54499252879780     
  -1.00000000000000        5.17838886663656     
   1.00000000000000        3.46742478753381     
   1.00000000000000        2.12103515941327     
  -1.00000000000000        2.22866034716810     
  -1.00000000000000        1.37813729642568     
   1.00000000000000      -0.785424230180536     
   1.00000000000000       -1.69228918987990     
  -1.00000000000000      -0.472016095581350     
  -1.00000000000000       5.460688464769192E-002
   1.00000000000000       -1.17347601308737     
   1.00000000000000       -1.23631008166752     
   1.00000000000000       0.633497225485185     
   1.00000000000000        3.34961138693795     
  -1.00000000000000        5.91034089274881     
   1.00000000000000        5.85428914240002     
  -1.00000000000000        5.19044631645462     
   1.00000000000000        3.30851868048631     
  -1.00000000000000        1.92010772170910     
   1.00000000000000       1.176991277837458E-002
  -1.00000000000000      -0.768448972051807     
  -1.00000000000000       -1.44900224635016     
   1.00000000000000       -3.07860555215964     
  -1.00000000000000       -3.13821180803336     
  -1.00000000000000       -3.02880702593459     
   1.00000000000000       -3.83751713513961     
   1.00000000000000       -3.10713380305926     
   1.00000000000000      -0.497606799731671     
   1.00000000000000        2.99618003580461     
   1.00000000000000        6.35815088155001     
  -1.00000000000000        8.89674765165056     
   1.00000000000000        8.46137369981535     
   1.00000000000000        6.97553842499592     
   1.00000000000000        5.93650755514682     
   1.00000000000000        5.40237884088163     
  -1.00000000000000        5.33478573709874     
  -1.00000000000000        3.83102574407849     
   1.00000000000000       0.643358992460503     
  -1.00000000000000       -1.18308293966552     
   1.00000000000000       -2.70691266232461     
   1.00000000000000       -2.83757469087597     
   1.00000000000000       -1.24255136284640     
  -1.00000000000000        1.37518815581699     
   1.00000000000000        2.21777042629890     
   1.00000000000000        2.71909259125820     
   1.00000000000000        3.97816594204560     
   1.00000000000000        5.66306465461237     
  -1.00000000000000        7.38744565519026     
  -1.00000000000000        6.59274568658435     
   1.00000000000000        3.01123793021694     
   1.00000000000000       0.441874014649957     
  -1.00000000000000       0.159943770808518     
  -1.00000000000000      -0.636750448363981     
  -1.00000000000000       -2.76114702601604     
   1.00000000000000       -5.19895391533520     
  -1.00000000000000       -5.37464879977922     
  -1.00000000000000       -5.06188257443244     
   1.00000000000000       -5.45266524359774     
   1.00000000000000       -4.14394125835555     
   1.00000000000000      -0.640392640082036     
  -1.00000000000000        3.53120995818444     
  -1.00000000000000        5.19385543923587     
  -1.00000000000000        3.82459082329500     
   1.00000000000000       0.538679320870275     
  -1.00000000000000       -1.30982844318843     
   1.00000000000000       -2.75914151545017     
   1.00000000000000       -2.84688380607143     
  -1.00000000000000       -1.04885746482598     
  -1.00000000000000      -0.197469681723035     
  -1.00000000000000       -1.00975131589299     
  -1.00000000000000       -2.94227857765963     
  -1.00000000000000       -5.32975237635672     
   1.00000000000000       -7.52536088128169     
   1.00000000000000       -7.21433585729620     
  -1.00000000000000       -4.14370705079627     
   1.00000000000000       -1.81737981611899     
  -1.00000000000000       0.695694026625609     
  -1.00000000000000        1.92422983774925     
  -1.00000000000000       0.870752189900718     
   1.00000000000000       -1.41953825325228     
  -1.00000000000000       -2.29161528878160     
  -1.00000000000000       -3.10080925678862     
  -1.00000000000000       -4.64626184837239     
  -1.00000000000000       -6.52086338507307     
   1.00000000000000       -8.07894673326291     
   1.00000000000000       -6.98122777572881     
  -1.00000000000000       -3.32171621736402     
   1.00000000000000      -0.583831842686043     
   1.00000000000000        2.04947774993422     
  -1.00000000000000        5.00215606700949     
   1.00000000000000        5.53448342703592     
  -1.00000000000000        5.33389427973857     
  -1.00000000000000        3.64560617480978     
   1.00000000000000       0.205755042390221     
  -1.00000000000000       -1.64990958145889     
  -1.00000000000000       -2.91911338902762     
  -1.00000000000000       -4.66948340405964     
  -1.00000000000000       -6.39641010924008     
   1.00000000000000       -7.72113792653668     
   1.00000000000000       -6.49801560535543     
  -1.00000000000000       -2.75922956943244     
  -1.00000000000000      -0.125371761930487     
   1.00000000000000       0.218601501591065     
   1.00000000000000       0.938575058821152     
  -1.00000000000000        3.03611603797254     
   1.00000000000000        3.66376345212401     
   1.00000000000000        3.71579930742507     
   1.00000000000000        4.41319664701722     
   1.00000000000000        5.70064583412062     
  -1.00000000000000        6.98671024514335     
   1.00000000000000        5.83192470373364     
  -1.00000000000000        4.28362848829479     
   1.00000000000000        1.81716889179254     
  -1.00000000000000       0.292970785892746     
  -1.00000000000000       -1.16282360737687     
   1.00000000000000       -3.39811415669858     
  -1.00000000000000       -3.66957268786463     
  -1.00000000000000       -3.67729782171134     
  -1.00000000000000       -4.38790415261582     
   1.00000000000000       -5.41836867089610     
   1.00000000000000       -4.57078362475564     
  -1.00000000000000       -1.40920043623447     
   1.00000000000000       0.648495803615462     
   1.00000000000000        2.60016926051822     
  -1.00000000000000        5.01172328269031     
   1.00000000000000        5.09249399857320     
   1.00000000000000        4.69390953378003     
  -1.00000000000000        5.14767234894727     
   1.00000000000000        3.93171145312033     
  -1.00000000000000        2.84442836685156     
   1.00000000000000        1.04325459251118     
   1.00000000000000       8.657040791426152E-003
  -1.00000000000000       0.741823210102583     
  -1.00000000000000       0.385622798289868     
  -1.00000000000000       -1.61393046784324     
   1.00000000000000       -4.04633476332510     
  -1.00000000000000       -4.33632973725267     
  -1.00000000000000       -4.02014444342928     
  -1.00000000000000       -4.21999012570098     
   1.00000000000000       -4.79671832635074     
   1.00000000000000       -3.60399409257583     
  -1.00000000000000      -0.343634180866053     
  -1.00000000000000        1.60908031775474     
   1.00000000000000        1.05351454578047     
   1.00000000000000       0.928998962436682     
   1.00000000000000        2.13217310719250     
  -1.00000000000000        3.90573875220267     
  -1.00000000000000        3.62193825889789     
   1.00000000000000        1.12994194901078     
  -1.00000000000000      -0.211632023134606     
  -1.00000000000000       -1.63827507809995     
  -1.00000000000000       -3.77463199701257     
  -1.00000000000000       -5.95892359585504     
   1.00000000000000       -7.67828740982093     
   1.00000000000000       -6.73921559560306     
  -1.00000000000000       -3.14128245547580     
   1.00000000000000      -0.653894008919209     
  -1.00000000000000        1.46950817423319     
  -1.00000000000000        2.16863263867431     
   1.00000000000000       0.792342186258790     
  -1.00000000000000       6.601031220881937E-002
  -1.00000000000000       -1.02141167118595     
  -1.00000000000000       -3.07404383833495     
   1.00000000000000       -5.23956781194546     
   1.00000000000000       -4.95079733061508     
  -1.00000000000000       -2.18860497743244     
  -1.00000000000000      -0.574374396628901     
   1.00000000000000      -0.918709743536563     
  -1.00000000000000      -0.399099042043698     
   1.00000000000000      -0.470675777323728     
  -1.00000000000000       0.254925325201865     
  -1.00000000000000       0.350151161838635     
  -1.00000000000000       -1.08195608371513     
  -1.00000000000000       -3.10812888073823     
   1.00000000000000       -5.19642430017549     
   1.00000000000000       -5.20537683628186     
   1.00000000000000       -2.87632637742873     
   1.00000000000000       0.772438753232286     
   1.00000000000000        4.58765446199282     
  -1.00000000000000        7.70517574604965     
  -1.00000000000000        7.75380104768772     
   1.00000000000000        4.54672740694827     
  -1.00000000000000        1.72162254220079     
  -1.00000000000000       -1.07413685892311     
  -1.00000000000000       -4.30268788765062     
  -1.00000000000000       -7.02513435529790     
   1.00000000000000       -8.90545660635575     
  -1.00000000000000       -8.09724847926365     
   1.00000000000000       -6.34633135027353     
  -1.00000000000000       -3.04851216684160     
  -1.00000000000000      -0.473409473237282     
  -1.00000000000000       7.281617898582637E-002
  -1.00000000000000      -0.977686406681242     
   1.00000000000000       -2.86105141134977     
  -1.00000000000000       -2.90055589530106     
  -1.00000000000000       -2.78705810822743     
   1.00000000000000       -3.62961882394279     
   1.00000000000000       -2.97072599790259     
   1.00000000000000      -0.539121835085327     
  -1.00000000000000        2.71053420675449     
   1.00000000000000        4.12708359496371     
  -1.00000000000000        5.02605124718621     
   1.00000000000000        4.11024241806336     
  -1.00000000000000        3.17940591275042     
   1.00000000000000        1.43410493636511     
   1.00000000000000       0.376653042704871     
   1.00000000000000        1.07179261919425     
  -1.00000000000000        2.86973591780393     
  -1.00000000000000        3.08130368820165     
  -1.00000000000000        1.03052248683432     
   1.00000000000000       -2.25406732133860     
  -1.00000000000000       -3.82233343510750     
   1.00000000000000       -4.84602063254921     
  -1.00000000000000       -4.21315798994003     
  -1.00000000000000       -3.30579255038796     
  -1.00000000000000       -3.39499147842699     
  -1.00000000000000       -4.22705028302955     
  -1.00000000000000       -5.30598896466843     
   1.00000000000000       -6.45992132150205     
   1.00000000000000       -5.51862184797314     
   1.00000000000000       -2.32014468386205     
  -1.00000000000000        2.02228759874660     
  -1.00000000000000        4.22006415540891     
   1.00000000000000        3.34175893722152     
  -1.00000000000000        2.67395163383177     
  -1.00000000000000        1.26308479800061     
   1.00000000000000       -1.31639603755986     
  -1.00000000000000       -2.15337661557429     
   1.00000000000000       -2.82616459003084     
  -1.00000000000000       -2.32856132919929     
   1.00000000000000       -2.03899950219328     
  -1.00000000000000      -0.901571275232214     
  -1.00000000000000      -0.352812527373948     
   1.00000000000000       -1.30345325891521     
  -1.00000000000000       -1.07057096296406     
  -1.00000000000000       -1.25147503832183     
   1.00000000000000       -2.64748688303556     
   1.00000000000000       -2.46707773000005     
  -1.00000000000000      -0.198757716418423     
   1.00000000000000        1.05454925034593     
  -1.00000000000000        2.19302240330876     
  -1.00000000000000        1.96254076774318     
   1.00000000000000      -0.211463552369492     
   1.00000000000000       -1.29832123942178     
   1.00000000000000      -0.256652351452345     
  -1.00000000000000        1.88573812344012     
   1.00000000000000        2.29899075750029     
   1.00000000000000        2.50679398285090     
   1.00000000000000        3.65358888195336     
  -1.00000000000000        5.44998685076525     
  -1.00000000000000        5.11986721650087     
  -1.00000000000000        2.31039589681965     
  -1.00000000000000       -1.54924917677106     
  -1.00000000000000       -5.39713325777179     
   1.00000000000000       -8.47877852976409     
  -1.00000000000000       -8.27619753007688     
   1.00000000000000       -6.89410887414489     
  -1.00000000000000       -4.03030286659244     
  -1.00000000000000       -1.64489789129085     
   1.00000000000000       -1.18053209443940     
  -1.00000000000000      -0.223907886389704     
   1.00000000000000      -0.182244471845549     
  -1.00000000000000       0.227257547357635     
  -1.00000000000000      -0.123370690673368     
   1.00000000000000       -2.07092180807702     
   1.00000000000000       -2.66639728556925     
  -1.00000000000000       -1.02773288947316     
  -1.00000000000000      -0.267493385855038     
   1.00000000000000       -1.40627286203575     
  -1.00000000000000       -1.63237419124465     
  -1.00000000000000       -2.05342135554491     
  -1.00000000000000       -3.38448492359794     
  -1.00000000000000       -5.05648220774624     
   1.00000000000000       -6.74601757213001     
   1.00000000000000       -6.22612467897355     
  -1.00000000000000       -3.21473866572931     
   1.00000000000000       -1.06353566811503     
  -1.00000000000000        1.08162282878239     
   1.00000000000000        1.86355021368660     
  -1.00000000000000        2.46130716599393     
  -1.00000000000000        1.80281701710906     
   1.00000000000000      -0.575450432371102     
   1.00000000000000       -1.69755189867366     
   1.00000000000000      -0.673680722190258     
  -1.00000000000000        1.53283658581130     
   1.00000000000000        2.21015063004344     
   1.00000000000000        2.74890980524216     
  -1.00000000000000        3.99185531842375     
   1.00000000000000        3.43893869938895     
  -1.00000000000000        2.70990171115212     
   1.00000000000000        1.03459327155907     
   1.00000000000000       0.120659813835303     
  -1.00000000000000        1.07471998610803     
  -1.00000000000000        1.15340016870314     
   1.00000000000000      -0.398377169427972     
  -1.00000000000000      -0.923812587043744     
   1.00000000000000       -1.63173122524024     
   1.00000000000000       -1.11559220245546     
  -1.00000000000000        1.07586682033451     
   1.00000000000000        1.97340908763317     
   1.00000000000000        2.53825369412372     
  -1.00000000000000        3.60551845545229     
  -1.00000000000000        3.01379589899004     
   1.00000000000000       0.510588259930335     
  -1.00000000000000       -1.00939267959510     
   1.00000000000000       -2.43447729247123     
  -1.00000000000000       -2.28868105986038     
  -1.00000000000000       -2.11131475343177     
  -1.00000000000000       -3.08895618322192     
   1.00000000000000       -4.65044920955994     
  -1.00000000000000       -4.28947324656230     
  -1.00000000000000       -3.80875141250817     
  -1.00000000000000       -4.22298172548935     
  -1.00000000000000       -5.16881349174445     
  -1.00000000000000       -6.29282899962407     
   1.00000000000000       -7.22796918292877     
  -1.00000000000000       -5.75588846317176     
   1.00000000000000       -3.89992087822764     
  -1.00000000000000       -1.28755489508773     
  -1.00000000000000       0.321134949975434     
  -1.00000000000000      -0.265685255663057     
  -1.00000000000000       -2.18084138382602     
   1.00000000000000       -4.52436846732908     
  -1.00000000000000       -4.65478033019448     
  -1.00000000000000       -4.22340454899778     
  -1.00000000000000       -4.71516664572882     
  -1.00000000000000       -5.73453588389503     
   1.00000000000000       -6.86332624095997     
  -1.00000000000000       -5.77779893426127     
  -1.00000000000000       -4.14433514948783     
   1.00000000000000       -3.39397002590678     
   1.00000000000000       -1.51894536710157     
  -1.00000000000000        1.59790381988868     
  -1.00000000000000        2.96802885578823     
   1.00000000000000        2.02186852555022     
  -1.00000000000000        1.65052498171104     
   1.00000000000000       0.695913048820096     
  -1.00000000000000       0.350885899797060     
   1.00000000000000      -0.706560821892928     
   1.00000000000000      -0.804220538807737     
  -1.00000000000000       0.885919178257960     
  -1.00000000000000        1.43644905757302     
   1.00000000000000       8.911658924615318E-003
   1.00000000000000      -0.455486973817098     
   1.00000000000000        1.07860425064521     
   1.00000000000000        3.67679384396574     
  -1.00000000000000        6.23613871580116     
   1.00000000000000        6.15239768602382     
   1.00000000000000        5.33138017544626     
   1.00000000000000        5.19951072620885     
   1.00000000000000        5.57649741235015     
  -1.00000000000000        6.24220773162240     
   1.00000000000000        5.02826653326159     
  -1.00000000000000        3.75928799555101     
  -1.00000000000000        1.50442247180711     
   1.00000000000000       -1.96372470675137     
  -1.00000000000000       -3.59747713461404     
  -1.00000000000000       -4.57560487166707     
  -1.00000000000000       -5.76764665736751     
  -1.00000000000000       -6.84189481129990     
  -1.00000000000000       -7.62372378645218     
   1.00000000000000       -8.18596967513488     
  -1.00000000000000       -6.52858365748102     
  -1.00000000000000       -4.55441601385796     
   1.00000000000000       -3.69190230601665     
  -1.00000000000000       -1.87245225877071     
   1.00000000000000      -0.783219440016804     
   1.00000000000000       0.685047164148517     
   1.00000000000000        2.98181578028455     
   1.00000000000000        5.33222849788130     
  -1.00000000000000        7.31226479514412     
   1.00000000000000        6.64484795005932     
  -1.00000000000000        5.23389507758327     
  -1.00000000000000        2.68771830952311     
   1.00000000000000       -1.31050586758740     
   1.00000000000000       -3.69959928805094     
  -1.00000000000000       -3.06462424761213     
   1.00000000000000       -2.30432095070479     
   1.00000000000000      -0.695896710969456     
   1.00000000000000        2.32642956659889     
  -1.00000000000000        5.71294291612030     
  -1.00000000000000        6.47019080764119     
   1.00000000000000        4.37911322152454     
   1.00000000000000        2.57077573241358     
   1.00000000000000        2.23975967822286     
   1.00000000000000        3.21108691663119     
   1.00000000000000        4.96158044595867     
   1.00000000000000        6.83493943944313     
  -1.00000000000000        8.16969867629501     
  -1.00000000000000        6.90575747641218     
   1.00000000000000        3.25141166691304     
  -1.00000000000000       0.565234417101939     
   1.00000000000000       -1.96792483320966     
   1.00000000000000       -2.70104036665605     
   1.00000000000000      -0.887999411938150     
   1.00000000000000        2.29126840262104     
  -1.00000000000000        5.71718462025667     
   1.00000000000000        6.66228822628162     
   1.00000000000000        6.53120611009169     
   1.00000000000000        6.56104823088617     
  -1.00000000000000        6.76878527683579     
  -1.00000000000000        5.12626988010241     
   1.00000000000000        1.50637844667064     
   1.00000000000000      -0.972235124298614     
   1.00000000000000       -1.09033958205247     
  -1.00000000000000       0.620805548702019     
  -1.00000000000000       0.963650868040718     
   1.00000000000000      -0.614398929146829     
  -1.00000000000000       -1.16104883054424     
   1.00000000000000       -2.00430524790253     
   1.00000000000000       -1.69379697410610     
  -1.00000000000000       0.443244800665892     
  -1.00000000000000        1.48663452637920     
   1.00000000000000       0.352352733455045     
  -1.00000000000000      -0.150001107597524     
   1.00000000000000      -0.862501169999215     
  -1.00000000000000      -0.609255308741081     
  -1.00000000000000      -0.932382216487353     
  -1.00000000000000       -2.73030341913377     
   1.00000000000000       -5.18987312128464     
   1.00000000000000       -5.33126574752781     
  -1.00000000000000       -2.59473713511878     
  -1.00000000000000      -0.598166915008963     
  -1.00000000000000      -0.527298230109398     
  -1.00000000000000       -1.75894448456016     
  -1.00000000000000       -3.90998032556315     
   1.00000000000000       -6.13319892160153     
  -1.00000000000000       -5.72980259728440     
   1.00000000000000       -4.60718063182742     
   1.00000000000000       -2.37484861548484     
  -1.00000000000000        1.05328353426361     
   1.00000000000000        2.68512485726614     
   1.00000000000000        3.71598158152043     
   1.00000000000000        5.20103629639619     
  -1.00000000000000        6.82659461167405     
  -1.00000000000000        5.91206917856313     
   1.00000000000000        2.37003936531803     
   1.00000000000000       5.582793047503998E-002
  -1.00000000000000      -0.159153962728233     
  -1.00000000000000      -0.847552440650506     
   1.00000000000000       -2.49059323872309     
   1.00000000000000       -2.53814375108612     
   1.00000000000000      -0.591474068740550     
   1.00000000000000        2.33151113475395     
   1.00000000000000        5.27520966886665     
  -1.00000000000000        7.60602563970421     
  -1.00000000000000        7.22127482490828     
   1.00000000000000        3.96958024527439     
   1.00000000000000        1.34988211567139     
  -1.00000000000000       0.582444558724685     
  -1.00000000000000      -0.797921739533084     
  -1.00000000000000       -3.20369075732417     
   1.00000000000000       -5.71924317167481     
  -1.00000000000000       -5.78667990956730     
   1.00000000000000       -5.13659029359873     
  -1.00000000000000       -3.01533553712394     
  -1.00000000000000       -1.33767240017449     
  -1.00000000000000       -1.49365997828598     
  -1.00000000000000       -2.82506228609264     
   1.00000000000000       -4.54052199570154     
  -1.00000000000000       -4.29743302181896     
   1.00000000000000       -3.89581494816002     
  -1.00000000000000       -2.34666619069452     
  -1.00000000000000       -1.24944524107153     
  -1.00000000000000       -1.69975259198952     
   1.00000000000000       -3.15958763075585     
   1.00000000000000       -3.07810507287171     
  -1.00000000000000      -0.920284425023380     
   1.00000000000000       0.125219433432083     
   1.00000000000000        1.16832734484945     
   1.00000000000000        3.17839293646587     
  -1.00000000000000        5.21503165502808     
  -1.00000000000000        4.97342338601571     
  -1.00000000000000        2.40910151377670     
  -1.00000000000000       -1.26478051364122     
  -1.00000000000000       -5.07676905691439     
  -1.00000000000000       -8.13802660468608     
   1.00000000000000       -10.0020797285216     
  -1.00000000000000       -8.70517292014203     
   1.00000000000000       -6.46887104691644     
   1.00000000000000       -3.01155173949659     
   1.00000000000000        1.61263855109723     
  -1.00000000000000        6.16428018679213     
   1.00000000000000        7.73606775262037     
   1.00000000000000        7.91527482211839     
   1.00000000000000        8.19510891339903     
   1.00000000000000        8.46735313957802     
   1.00000000000000        8.51403681328468     
   1.00000000000000        8.28445894842043     
   1.00000000000000        8.09114636323031     
   1.00000000000000        8.15884705682694     
   1.00000000000000        8.13480414118059     
  -1.00000000000000        7.97408574019159     
  -1.00000000000000        5.78670671441485     
  -1.00000000000000        1.40349432533675     
   1.00000000000000       -3.66925978405009     
  -1.00000000000000       -6.11120007234833     
   1.00000000000000       -7.06194869445557     
   1.00000000000000       -5.66926409941788     
   1.00000000000000       -2.17157223170852     
   1.00000000000000        2.10867878229354     
   1.00000000000000        6.27108687335706     
   1.00000000000000        9.47873361243738     
  -1.00000000000000        11.3416048747879     
  -1.00000000000000        9.71371048501011     
   1.00000000000000        4.97941547036460     
  -1.00000000000000        1.39522324483532     
   1.00000000000000       -1.86903261714441     
  -1.00000000000000       -3.46292301606781     
  -1.00000000000000       -4.45971451778379     
  -1.00000000000000       -5.63550803687707     
  -1.00000000000000       -6.78114031045666     
   1.00000000000000       -7.75640273629665     
  -1.00000000000000       -6.43064170868783     
   1.00000000000000       -4.66475637630305     
  -1.00000000000000       -1.95688461199325     
  -1.00000000000000      -0.302435397317176     
  -1.00000000000000      -0.669327519132744     
  -1.00000000000000       -2.08844417122429     
   1.00000000000000       -4.06206826849068     
  -1.00000000000000       -4.18746791213162     
   1.00000000000000       -3.84973457127495     
   1.00000000000000       -2.43997052574410     
   1.00000000000000       0.335022456037013     
  -1.00000000000000        3.51450749856143     
   1.00000000000000        4.49525462167456     
  -1.00000000000000        5.00264185959716     
  -1.00000000000000        4.02544830804374     
   1.00000000000000        1.10016177989737     
  -1.00000000000000      -0.520284893747187     
   1.00000000000000       -1.94023783941443     
   1.00000000000000       -2.14716841658979     
   1.00000000000000      -0.393383443004161     
  -1.00000000000000        2.54833141877672     
   1.00000000000000        3.64755941205511     
   1.00000000000000        4.06670631687216     
  -1.00000000000000        4.91727224106346     
  -1.00000000000000        3.87535008328871     
  -1.00000000000000       0.906538242961379     
   1.00000000000000       -2.62029541816272     
   1.00000000000000       -3.77192533932226     
  -1.00000000000000       -2.19305952860873     
  -1.00000000000000       -1.09513515012435     
  -1.00000000000000       -1.81556493054753     
  -1.00000000000000       -3.84935494817238     
  -1.00000000000000       -6.01132594170210     
   1.00000000000000       -7.84061806613970     
   1.00000000000000       -7.13993773379166     
   1.00000000000000       -3.61316359989111     
  -1.00000000000000        1.17324323919055     
  -1.00000000000000        3.78385752967318     
  -1.00000000000000        3.44530655637512     
  -1.00000000000000        1.23019423193002     
  -1.00000000000000       -2.02156934831468     
  -1.00000000000000       -5.47019927775234     
   1.00000000000000       -8.40895604591049     
  -1.00000000000000       -8.27468084889824     
  -1.00000000000000       -6.96096999933359     
   1.00000000000000       -6.24871716937541     
   1.00000000000000       -4.01295221295666     
   1.00000000000000      -0.158806110087051     
  -1.00000000000000        3.97867655631945     
   1.00000000000000        5.44166179736410     
   1.00000000000000        5.85293884437366     
   1.00000000000000        6.38289051561871     
  -1.00000000000000        6.96108269103746     
  -1.00000000000000        5.63607176432365     
  -1.00000000000000        2.07605002871938     
  -1.00000000000000       -2.40966472977723     
   1.00000000000000       -6.63925972810092     
   1.00000000000000       -7.83794367310359     
  -1.00000000000000       -5.61365488067973     
  -1.00000000000000       -3.50010807959468     
  -1.00000000000000       -2.78532457640288     
   1.00000000000000       -3.11165800296758     
  -1.00000000000000       -2.09761540631132     
  -1.00000000000000       -1.35655013032123     
   1.00000000000000       -2.02922157390169     
  -1.00000000000000       -1.64908973768055     
   1.00000000000000       -1.60740640693892     
   1.00000000000000      -0.836756715167052     
  -1.00000000000000        1.17221408519034     
  -1.00000000000000        1.70967160697359     
   1.00000000000000       0.316972387957331     
  -1.00000000000000      -0.110137377759395     
   1.00000000000000      -0.811315923239640     
  -1.00000000000000      -0.597519592010026     
   1.00000000000000      -0.925465476587447     
   1.00000000000000      -0.511406562885553     
  -1.00000000000000        1.31320244351157     
  -1.00000000000000        1.87759423916044     
  -1.00000000000000       0.363076449127233     
  -1.00000000000000       -2.47322417404439     
  -1.00000000000000       -5.60994056273102     
   1.00000000000000       -8.13487407507449     
   1.00000000000000       -7.79008083482201     
  -1.00000000000000       -4.60220437072497     
  -1.00000000000000       -1.99916580373673     
   1.00000000000000       -1.27227971953700     
   1.00000000000000       7.558767353621298E-002
   1.00000000000000        2.52424732565506     
   1.00000000000000        5.24227730616090     
   1.00000000000000        7.47697603304215     
  -1.00000000000000        8.86775150155998     
  -1.00000000000000        7.81736298611388     
  -1.00000000000000        4.27739695203160     
   1.00000000000000      -0.499019682562720     
  -1.00000000000000       -3.13566910350957     
   1.00000000000000       -4.78422631888699     
   1.00000000000000       -4.56600570567248     
  -1.00000000000000       -2.11186084048585     
  -1.00000000000000      -0.447838164645518     
  -1.00000000000000      -0.606868956357555     
  -1.00000000000000       -2.14311120679374     
  -1.00000000000000       -4.41614744700802     
  -1.00000000000000       -6.66178951972363     
  -1.00000000000000       -8.32378387115434     
   1.00000000000000       -9.29919598223265     
  -1.00000000000000       -7.56182351144304     
   1.00000000000000       -5.45129226866110     
   1.00000000000000       -2.48928125999275     
  -1.00000000000000        1.73995809817454     
  -1.00000000000000        4.26785879557015     
   1.00000000000000        4.07203183989897     
   1.00000000000000        3.64714277930308     
   1.00000000000000        4.21895317823543     
   1.00000000000000        5.47512621575209     
   1.00000000000000        6.69380894055865     
   1.00000000000000        7.54461735704790     
   1.00000000000000        7.92037885184913     
  -1.00000000000000        7.82613115805820     
  -1.00000000000000        5.55928832366933     
  -1.00000000000000        1.38136114119183     
   1.00000000000000       -3.37891981079219     
   1.00000000000000       -5.44600436397566     
  -1.00000000000000       -4.27996922109155     
   1.00000000000000       -3.05762808128528     
  -1.00000000000000      -0.939304179214942     
  -1.00000000000000       0.289289730111378     
   1.00000000000000      -0.380595080360932     
  -1.00000000000000      -0.182849927759917     
  -1.00000000000000      -0.311608033305532     
   1.00000000000000       -1.86908241503891     
  -1.00000000000000       -2.01421034518404     
  -1.00000000000000       -2.06248970451492     
   1.00000000000000       -3.24338833471681     
   1.00000000000000       -3.00257482104425     
   1.00000000000000      -0.883679410462447     
   1.00000000000000        2.12062909784834     
   1.00000000000000        5.09163772844495     
   1.00000000000000        7.58824173732280     
   1.00000000000000        9.55280949638233     
  -1.00000000000000        10.6353233859865     
  -1.00000000000000        8.67940571456662     
  -1.00000000000000        4.09377352238374     
  -1.00000000000000       -1.33581601959426     
   1.00000000000000       -6.30088510202184     
   1.00000000000000       -8.00048223175047     
   1.00000000000000       -6.09142629103715     
   1.00000000000000       -1.94489794637874     
   1.00000000000000        2.94098686478466     
   1.00000000000000        7.22184842633295     
   1.00000000000000        10.2343723403221     
   1.00000000000000        11.9097157213711     
   1.00000000000000        12.2984077449404     
  -1.00000000000000        11.5184702673502     
  -1.00000000000000        7.99400951550533     
   1.00000000000000        2.32219101079294     
  -1.00000000000000       -1.61057959160309     
   1.00000000000000       -4.47247332023640     
   1.00000000000000       -5.04304961867436     
  -1.00000000000000       -2.97017394746837     
   1.00000000000000       -1.57899083104892     
  -1.00000000000000       0.158582688145863     
  -1.00000000000000        1.03792597428087     
   1.00000000000000       2.654408695478616E-003
  -1.00000000000000      -0.349843247492601     
  -1.00000000000000       -1.17336451952819     
  -1.00000000000000       -3.02620026698868     
   1.00000000000000       -5.23952651840686     
  -1.00000000000000       -5.21589069067393     
   1.00000000000000       -4.74732613826106     
   1.00000000000000       -2.94476418994563     
   1.00000000000000       0.610249055815190     
   1.00000000000000        4.54506687033810     
   1.00000000000000        7.85921742436108     
  -1.00000000000000        10.0411841753536     
  -1.00000000000000        9.03407499496548     
  -1.00000000000000        5.04883860348033     
  -1.00000000000000      -0.251087403476939     
   1.00000000000000       -5.49747331120290     
  -1.00000000000000       -7.74193136958510     
  -1.00000000000000       -8.38260132728360     
  -1.00000000000000       -8.87782129076064     
  -1.00000000000000       -9.10212418090510     
  -1.00000000000000       -8.93060421708729     
  -1.00000000000000       -8.58292484918235     
  -1.00000000000000       -8.07924825917903     
   1.00000000000000       -7.63139453169398     
   1.00000000000000       -5.36978878316840     
  -1.00000000000000       -1.29345599356949     
   1.00000000000000        1.07271047095373     
  -1.00000000000000        2.98888912756603     
  -1.00000000000000        3.23084701797051     
  -1.00000000000000        1.06444642950265     
  -1.00000000000000       -2.39286214524823     
  -1.00000000000000       -5.92577736444012     
  -1.00000000000000       -8.73462284808161     
  -1.00000000000000       -10.3511669891440     
   1.00000000000000       -10.9694445132727     
   1.00000000000000       -8.81400406265578     
  -1.00000000000000       -4.11350208408082     
   1.00000000000000      -0.407568488553608     
   1.00000000000000        2.96562138325114     
  -1.00000000000000        6.02876177850408     
   1.00000000000000        6.15168043414363     
   1.00000000000000        5.27152185923167     
  -1.00000000000000        4.87540367086215     
   1.00000000000000        3.04734454805673     
   1.00000000000000        1.69729380923118     
   1.00000000000000        2.01569154848716     
   1.00000000000000        3.43672321397411     
   1.00000000000000        5.33090354619678     
  -1.00000000000000        7.12859233252408     
  -1.00000000000000        6.54717969298592     
  -1.00000000000000        3.34731819327490     
  -1.00000000000000       -1.10272811897577     
   1.00000000000000       -5.40582913552931     
   1.00000000000000       -6.67572256532397     
   1.00000000000000       -4.60915145826437     
  -1.00000000000000      -0.701013718935017     
  -1.00000000000000        1.78940398487849     
   1.00000000000000        1.69404397296177     
   1.00000000000000        1.62767050581611     
   1.00000000000000        2.73078982571859     
   1.00000000000000        4.57573671029740     
  -1.00000000000000        6.41243952992716     
   1.00000000000000        5.78318752251786     
   1.00000000000000        4.54957450185929     
   1.00000000000000        4.32379486087934     
   1.00000000000000        4.92495769483677     
   1.00000000000000        5.89092614425681     
   1.00000000000000        6.87361890155173     
   1.00000000000000        7.83242072918024     
   1.00000000000000        8.51493425171389     
  -1.00000000000000        8.70397531700463     
  -1.00000000000000        6.52673828507739     
   1.00000000000000        2.09624066638436     
   1.00000000000000       -1.08502238382784     
   1.00000000000000       -1.72162738312716     
   1.00000000000000      -0.280337916956548     
  -1.00000000000000        2.41525053224466     
   1.00000000000000        3.39859275143529     
  -1.00000000000000        3.81011465572397     
  -1.00000000000000        2.77813846417154     
  -1.00000000000000       1.056323118415303E-002
   1.00000000000000       -3.36978887986528     
   1.00000000000000       -4.46005541474608     
   1.00000000000000       -2.80534680037654     
  -1.00000000000000       0.548525839434810     
  -1.00000000000000        2.41865769183864     
   1.00000000000000        1.76974944201191     
   1.00000000000000        1.39133837832318     
   1.00000000000000        2.21436198982851     
  -1.00000000000000        3.71586548960444     
  -1.00000000000000        3.44099736817995     
   1.00000000000000       0.827342482656646     
   1.00000000000000      -0.937512959934009     
  -1.00000000000000      -0.666191992156967     
  -1.00000000000000      -0.768145940478858     
  -1.00000000000000       -2.00597598061783     
   1.00000000000000       -3.81631355512744     
  -1.00000000000000       -3.57121852937374     
  -1.00000000000000       -3.12326571304461     
  -1.00000000000000       -3.66220087912671     
  -1.00000000000000       -4.75049556210228     
   1.00000000000000       -6.23845899525129     
   1.00000000000000       -5.51834810062511     
   1.00000000000000       -2.21632049899449     
   1.00000000000000        2.18865100046496     
  -1.00000000000000        6.40070931018554     
   1.00000000000000        7.75944921387043     
   1.00000000000000        7.82875448898374     
   1.00000000000000        7.92759785350591     
  -1.00000000000000        8.05199306196713     
  -1.00000000000000        6.01656258551394     
  -1.00000000000000        1.96156197920702     
  -1.00000000000000       -2.43097579144061     
  -1.00000000000000       -6.45875988097930     
  -1.00000000000000       -9.42147246603349     
   1.00000000000000       -10.9281691590293     
   1.00000000000000       -9.29896317800930     
   1.00000000000000       -5.01755046751802     
   1.00000000000000       0.386728486286275     
  -1.00000000000000        5.51264960908813     
  -1.00000000000000        7.47652413274209     
   1.00000000000000        5.80945128486899     
  -1.00000000000000        3.84672545587544     
   1.00000000000000        1.27352802756522     
  -1.00000000000000      -7.222768982840710E-002
  -1.00000000000000       -1.21852382221266     
   1.00000000000000       -3.06200366798507     
   1.00000000000000       -3.00976587953943     
  -1.00000000000000      -0.722645289089527     
  -1.00000000000000       0.545173531846823     
   1.00000000000000      -0.214450610823112     
  -1.00000000000000      -0.334856948233686     
   1.00000000000000      -0.971989614147428     
  -1.00000000000000      -0.819066486503892     
   1.00000000000000       -1.15168386669994     
   1.00000000000000      -0.714637013142653     
   1.00000000000000        1.13428672982147     
  -1.00000000000000        3.63667280059144     
  -1.00000000000000        4.14345482783937     
   1.00000000000000        2.27913504277865     
  -1.00000000000000        1.04468888339624     
   1.00000000000000      -0.476458112740894     
  -1.00000000000000       -1.01105650373124     
  -1.00000000000000       -1.77863919280919     
  -1.00000000000000       -3.39583580278787     
  -1.00000000000000       -5.46549394267594     
  -1.00000000000000       -7.36595818872638     
  -1.00000000000000       -8.63749099556879     
   1.00000000000000       -9.23948807439979     
  -1.00000000000000       -7.27924438270057     
   1.00000000000000       -5.06618527624138     
  -1.00000000000000       -1.91258632286392     
   1.00000000000000       0.475156500203033     
  -1.00000000000000        2.74323458392485     
   1.00000000000000        3.26530728643098     
   1.00000000000000        3.34783675126782     
  -1.00000000000000        4.20543617085811     
  -1.00000000000000        3.32124233250990     
   1.00000000000000       0.478989517689942     
   1.00000000000000       -1.01156852111227     
  -1.00000000000000      -0.328251525335935     
  -1.00000000000000      -0.118449497971911     
   1.00000000000000       -1.25154427776284     
  -1.00000000000000       -1.17855317159820     
   1.00000000000000       -1.27603987408683     
   1.00000000000000      -0.648767631789532     
   1.00000000000000        1.35434155154116     
   1.00000000000000        4.02241758713124     
  -1.00000000000000        6.58177618421211     
   1.00000000000000        6.56224979106530     
  -1.00000000000000        5.91440094942091     
  -1.00000000000000        3.92248070578186     
   1.00000000000000       0.262113124208356     
  -1.00000000000000       -1.96547354427315     
   1.00000000000000       -3.81523155047342     
  -1.00000000000000       -3.97639795643062     
   1.00000000000000       -3.84159423730128     
  -1.00000000000000       -2.47251795655679     
  -1.00000000000000       -1.54281170944446     
   1.00000000000000       -2.29232240066556     
  -1.00000000000000       -2.13497018640627     
   1.00000000000000       -2.16846950864462     
  -1.00000000000000       -1.33814568590835     
   1.00000000000000       -1.06215047261260     
  -1.00000000000000      -4.310751374365035E-002
   1.00000000000000       0.290083252789389     
   1.00000000000000       0.823253520633470     
  -1.00000000000000        2.31474421061084     
   1.00000000000000        2.42003426417991     
  -1.00000000000000        2.48546471357352     
   1.00000000000000        1.51447787360900     
   1.00000000000000       0.982209936287886     
  -1.00000000000000        1.86404796795221     
  -1.00000000000000        1.63731208926549     
   1.00000000000000      -0.506606539223723     
   1.00000000000000       -1.61344521976650     
   1.00000000000000      -0.731791457852971     
  -1.00000000000000        1.42311305330394     
   1.00000000000000        2.09939889100930     
  -1.00000000000000        2.52195458357609     
  -1.00000000000000        1.81195998105088     
  -1.00000000000000      -0.528957177516705     
  -1.00000000000000       -3.46395427111669     
  -1.00000000000000       -6.25346673922768     
  -1.00000000000000       -8.57226835609448     
  -1.00000000000000       -10.0353751582080     
   1.00000000000000       -10.5675648043885     
  -1.00000000000000       -8.33821739520037     
   1.00000000000000       -5.66643029036201     
  -1.00000000000000       -2.30529321147257     
   1.00000000000000       9.552590505394187E-002
  -1.00000000000000        2.38833815091989     
  -1.00000000000000        3.04777135513888     
  -1.00000000000000        1.55881543584371     
   1.00000000000000       -1.30928535827754     
   1.00000000000000       -2.76829399035604     
  -1.00000000000000       -1.81644974715243     
   1.00000000000000       -1.22158903225319     
  -1.00000000000000      -0.149325352377219     
  -1.00000000000000       2.678538534969577E-002
  -1.00000000000000       -1.44066303172203     
   1.00000000000000       -3.88452480676885     
   1.00000000000000       -4.44999178554281     
  -1.00000000000000       -2.51684878855521     
   1.00000000000000       -1.17687129602198     
  -1.00000000000000       0.430697614869052     
  -1.00000000000000        1.01435702102017     
   1.00000000000000      -0.200111275006438     
  -1.00000000000000      -0.426281799606155     
  -1.00000000000000      -0.917003981602581     
  -1.00000000000000       -2.44633292930510     
   1.00000000000000       -4.47387456442281     
  -1.00000000000000       -4.73426899387172     
   1.00000000000000       -4.45177590653129     
   1.00000000000000       -2.82685539624573     
  -1.00000000000000       0.225251819713631     
  -1.00000000000000        1.90747965553494     
   1.00000000000000        1.37277312524006     
   1.00000000000000        1.43189107168030     
  -1.00000000000000        2.93891161459716     
  -1.00000000000000        3.06591034830542     
   1.00000000000000        1.16733020639866     
  -1.00000000000000       0.239388454944834     
   1.00000000000000      -0.948352569378085     
  -1.00000000000000       -1.12293156018249     
  -1.00000000000000       -1.43773276006377     
  -1.00000000000000       -2.93803506933901     
  -1.00000000000000       -5.03487088643865     
  -1.00000000000000       -6.96192503750728     
  -1.00000000000000       -8.51927156611570     
  -1.00000000000000       -9.64733217977951     
  -1.00000000000000       -10.0122697606677     
   1.00000000000000       -9.82162480915937     
   1.00000000000000       -7.43960654806964     
   1.00000000000000       -2.81999189916972     
  -1.00000000000000        2.49299946326225     
  -1.00000000000000        5.26270857007572     
  -1.00000000000000        4.66772762710371     
  -1.00000000000000        1.90267578703954     
   1.00000000000000       -1.73629475868894     
   1.00000000000000       -3.20854011605446     
  -1.00000000000000       -1.88574236691350     
   1.00000000000000      -0.926001249965379     
  -1.00000000000000       0.485590280932253     
  -1.00000000000000       0.719895503262422     
  -1.00000000000000      -0.939776340701025     
   1.00000000000000       -3.51639569726498     
   1.00000000000000       -4.00384603197509     
  -1.00000000000000       -1.98857362332357     
   1.00000000000000      -0.641086815688731     
  -1.00000000000000        1.06008259476985     
   1.00000000000000        1.62172940943513     
   1.00000000000000        2.13379309465049     
  -1.00000000000000        3.33211728747175     
  -1.00000000000000        3.01329907410181     
   1.00000000000000       0.793539922023147     
  -1.00000000000000      -0.443853353786915     
  -1.00000000000000       -1.72514224961426     
  -1.00000000000000       -3.71902456367854     
   1.00000000000000       -5.79546287787388     
   1.00000000000000       -5.65983002624211     
  -1.00000000000000       -3.04705167590387     
   1.00000000000000       -1.05530076038492     
   1.00000000000000        1.29600842785229     
  -1.00000000000000        4.31742319813632     
   1.00000000000000        4.94071830033070     
  -1.00000000000000        4.67144117891084     
   1.00000000000000        3.17655498088083     
   1.00000000000000        2.23472650185614     
  -1.00000000000000        2.67532551645434     
   1.00000000000000        1.95411708853620     
   1.00000000000000        1.55963104364484     
  -1.00000000000000        2.40873240350773     
   1.00000000000000        1.93145366181540     
  -1.00000000000000        1.62918503112805     
  -1.00000000000000       0.466089995650949     
  -1.00000000000000       -2.28729260484297     
   1.00000000000000       -5.41819312968402     
   1.00000000000000       -5.83278723378124     
  -1.00000000000000       -3.40036600068596     
   1.00000000000000       -1.44994068318553     
   1.00000000000000       0.872420306516536     
  -1.00000000000000        3.80423336103197     
  -1.00000000000000        4.48562604914679     
  -1.00000000000000        2.62688657454775     
   1.00000000000000      -0.725821678643956     
  -1.00000000000000       -2.33476581711369     
  -1.00000000000000       -3.59512424268995     
  -1.00000000000000       -5.47301669429856     
  -1.00000000000000       -7.08656676077085     
  -1.00000000000000       -8.29749337490317     
   1.00000000000000       -9.19133130275974     
  -1.00000000000000       -7.55312628907265     
  -1.00000000000000       -5.43834652552053     
  -1.00000000000000       -4.36144274713506     
   1.00000000000000       -4.28628726391924     
  -1.00000000000000       -2.81975995732305     
  -1.00000000000000       -1.50335108765971     
  -1.00000000000000       -1.77040324249402     
   1.00000000000000       -2.93451820762676     
  -1.00000000000000       -2.55778743060061     
  -1.00000000000000       -2.28782800062964     
  -1.00000000000000       -3.08434015317220     
   1.00000000000000       -4.52778437973263     
  -1.00000000000000       -4.23536936728723     
  -1.00000000000000       -3.59440086914979     
   1.00000000000000       -3.92680373200884     
  -1.00000000000000       -3.02070765252653     
  -1.00000000000000       -2.28021559211112     
  -1.00000000000000       -2.63290034478634     
  -1.00000000000000       -3.57810728171979     
  -1.00000000000000       -4.82820098773123     
  -1.00000000000000       -6.05976870632942     
   1.00000000000000       -7.03541005837707     
   1.00000000000000       -5.75693241005956     
   1.00000000000000       -2.26349833872877     
   1.00000000000000        2.06320399387925     
   1.00000000000000        6.14220161297590     
   1.00000000000000        9.22528880766173     
   1.00000000000000        10.9268927748682     
   1.00000000000000        11.2741163205041     
   1.00000000000000        10.5937664968391     
  -1.00000000000000        9.43287836272442     
   1.00000000000000        6.44197318155186     
   1.00000000000000        3.87433141488773     
   1.00000000000000        2.95716843884277     
  -1.00000000000000        3.20675557298396     
  -1.00000000000000        2.28192668181510     
   1.00000000000000      -0.210688337958072     
   1.00000000000000       -1.32408026179129     
   1.00000000000000      -0.224696461539818     
   1.00000000000000        2.19219805123059     
   1.00000000000000        5.04768451627383     
   1.00000000000000        7.52596238809162     
  -1.00000000000000        9.06083574154140     
   1.00000000000000        7.71996868775270     
   1.00000000000000        5.69425846010060     
  -1.00000000000000        4.57907855728859     
  -1.00000000000000        2.32824846447194     
  -1.00000000000000       -1.28783451989046     
  -1.00000000000000       -5.00980958615561     
  -1.00000000000000       -7.87957839914472     
   1.00000000000000       -9.67148711947222     
   1.00000000000000       -8.36646355216946     
   1.00000000000000       -4.05848122491143     
   1.00000000000000        1.30905046188906     
  -1.00000000000000        6.36574029195587     
   1.00000000000000        8.18212583366372     
  -1.00000000000000        8.28096332889692     
   1.00000000000000        6.23469329090053     
  -1.00000000000000        4.01996553879045     
   1.00000000000000        1.24443705044295     
  -1.00000000000000      -0.311933484833812     
   1.00000000000000       -1.83024185326455     
   1.00000000000000       -2.19334263313662     
   1.00000000000000      -0.708991302572547     
   1.00000000000000        1.86454782441251     
   1.00000000000000        4.77731534382379     
   1.00000000000000        7.38531550223695     
  -1.00000000000000        9.31263204259881     
   1.00000000000000        8.36450405397155     
   1.00000000000000        6.43775419557595     
  -1.00000000000000        5.09496826917649     
  -1.00000000000000        2.58569629458873     
  -1.00000000000000       -1.27250581891516     
  -1.00000000000000       -5.44991478369921     
   1.00000000000000       -8.90586377621193     
  -1.00000000000000       -9.12398070481846     
  -1.00000000000000       -7.89528962237069     
  -1.00000000000000       -6.99989957722786     
  -1.00000000000000       -6.36889839241971     
  -1.00000000000000       -5.96321818082416     
  -1.00000000000000       -5.90303004030753     
   1.00000000000000       -6.00247756896250     
  -1.00000000000000       -4.26305503884995     
  -1.00000000000000       -2.64469514184564     
  -1.00000000000000       -2.60578894067312     
   1.00000000000000       -3.62606398644511     
  -1.00000000000000       -2.96618781046506     
   1.00000000000000       -2.38783690364177     
  -1.00000000000000       -1.16337540457899     
   1.00000000000000      -0.587039857256819     
   1.00000000000000       0.416499865294458     
   1.00000000000000        2.46056946463362     
  -1.00000000000000        4.71556247284404     
   1.00000000000000        4.83083304104729     
   1.00000000000000        4.68364241140824     
  -1.00000000000000        5.26724906488791     
  -1.00000000000000        4.08619699037814     
   1.00000000000000       0.988789559534325     
  -1.00000000000000      -0.685684184626272     
   1.00000000000000       -2.02514062021900     
  -1.00000000000000       -1.97448452486613     
  -1.00000000000000       -2.13126150666935     
   1.00000000000000       -3.20010710796364     
  -1.00000000000000       -2.50882225842467     
  -1.00000000000000       -1.79435383215417     
   1.00000000000000       -2.13804015284118     
   1.00000000000000       -1.26432909289899     
   1.00000000000000       0.961868554318940     
   1.00000000000000        3.77497457149114     
  -1.00000000000000        6.56315469053451     
   1.00000000000000        6.73253813194009     
   1.00000000000000        5.97958734595691     
  -1.00000000000000        5.75041555876800     
   1.00000000000000        4.03302122932517     
  -1.00000000000000        2.61936462019753     
   1.00000000000000       0.555343815254205     
  -1.00000000000000      -0.452688919761576     
   1.00000000000000       -1.24118724593745     
   1.00000000000000      -0.877832185130157     
  -1.00000000000000        1.11713299918021     
  -1.00000000000000        1.94130669765842     
  -1.00000000000000       0.850744143086508     
   1.00000000000000       -1.29755589212115     
   1.00000000000000       -1.95463622320335     
   1.00000000000000      -0.513558451915467     
  -1.00000000000000        2.37135049247238     
   1.00000000000000        3.64006826086934     
  -1.00000000000000        4.34045786877701     
  -1.00000000000000        3.55359956825129     
  -1.00000000000000       0.813846136155187     
   1.00000000000000       -2.59012192655611     
   1.00000000000000       -3.72081543679082     
  -1.00000000000000       -2.24344280376613     
   1.00000000000000       -1.41210325007240     
   1.00000000000000      -0.170885644174524     
   1.00000000000000        2.11148429531436     
   1.00000000000000        4.72874415212780     
  -1.00000000000000        7.22654596546069     
  -1.00000000000000        7.01021528647241     
   1.00000000000000        3.93277601129274     
  -1.00000000000000        1.50328221126563     
  -1.00000000000000       -1.01257129538156     
  -1.00000000000000       -4.10649439981064     
  -1.00000000000000       -6.95499158742028     
  -1.00000000000000       -8.98472985322778     
  -1.00000000000000       -10.1075116559317     
   1.00000000000000       -10.5306622848773     
  -1.00000000000000       -8.44584267578120     
   1.00000000000000       -5.90133502068687     
  -1.00000000000000       -2.31392008901154     
   1.00000000000000       0.133749234185506     
  -1.00000000000000        2.13701716378078     
   1.00000000000000        2.52664696450368     
   1.00000000000000        2.84566494421377     
   1.00000000000000        3.76830380090468     
   1.00000000000000        4.82744674800931     
  -1.00000000000000        6.12707208097080     
  -1.00000000000000        5.50243749479030     
  -1.00000000000000        2.54991699843923     
   1.00000000000000       -1.54918467217992     
   1.00000000000000       -3.69145456972416     
   1.00000000000000       -2.87772874387327     
   1.00000000000000      -0.225745748840692     
   1.00000000000000        3.19156083130474     
  -1.00000000000000        6.43656551813615     
  -1.00000000000000        6.87791712823028     
  -1.00000000000000        4.18567549851684     
  -1.00000000000000      -8.098766045749084E-002
  -1.00000000000000       -4.56467208951365     
   1.00000000000000       -8.43221512648285     
   1.00000000000000       -9.15605319022645     
  -1.00000000000000       -6.41954874637691     
  -1.00000000000000       -3.69658841824000     
   1.00000000000000       -2.55918330138989     
   1.00000000000000      -0.826131367075222     
  -1.00000000000000        2.06697927922460     
  -1.00000000000000        3.20141199088152     
  -1.00000000000000        1.95729956869900     
   1.00000000000000      -0.687911377602729     
  -1.00000000000000       -1.91202632200343     
   1.00000000000000       -2.82035385675628     
  -1.00000000000000       -2.38430101163723     
   1.00000000000000       -2.18288216561818     
   1.00000000000000       -1.19746156013253     
   1.00000000000000        1.34377663339251     
   1.00000000000000        4.48879325505998     
   1.00000000000000        7.22227738137437     
   1.00000000000000        9.06899657429414     
   1.00000000000000        9.91251111891743     
   1.00000000000000        10.2069961095584     
   1.00000000000000        10.1365159495438     
  -1.00000000000000        9.71630133907403     
   1.00000000000000        6.89584809409851     
  -1.00000000000000        3.73907452167639     
   1.00000000000000       9.779043841850488E-002
  -1.00000000000000       -2.20053035400062     
   1.00000000000000       -3.93776709310123     
   1.00000000000000       -3.92766349392024     
   1.00000000000000       -1.85130896850407     
   1.00000000000000        1.34568919636927     
   1.00000000000000        4.89603602763191     
   1.00000000000000        8.06586786176686     
  -1.00000000000000        10.1592573648067     
   1.00000000000000        8.78834906992008     
  -1.00000000000000        6.49431617975601     
  -1.00000000000000        3.10780646074508     
   1.00000000000000       -1.41465347272039     
  -1.00000000000000       -3.83502773301510     
   1.00000000000000       -5.44452059766440     
   1.00000000000000       -5.29152896652869     
   1.00000000000000       -2.63206263886908     
   1.00000000000000        1.32843188153527     
  -1.00000000000000        5.31825962209772     
  -1.00000000000000        6.50194439443923     
   1.00000000000000        4.51366034863034     
   1.00000000000000        2.78175793066722     
  -1.00000000000000        2.61362804223439     
   1.00000000000000        1.61453708409476     
  -1.00000000000000        1.23884957739348     
  -1.00000000000000       0.382193230230404     
   1.00000000000000       -1.57784714548094     
   1.00000000000000       -2.00043108177964     
   1.00000000000000      -0.345341523553117     
  -1.00000000000000        2.46603129088023     
  -1.00000000000000        3.43298422244407     
   1.00000000000000        2.02005389046203     
   1.00000000000000        1.29737525946021     
   1.00000000000000        2.03033789733651     
  -1.00000000000000        3.74938900467235     
   1.00000000000000        3.75973738603890     
  -1.00000000000000        3.49052861298075     
   1.00000000000000        2.04855429022153     
  -1.00000000000000       0.973205782145128     
   1.00000000000000      -0.569096121873812     
  -1.00000000000000       -1.05544206516517     
   1.00000000000000       -1.81228625994846     
   1.00000000000000       -1.57351095604192     
  -1.00000000000000       0.594445043121300     
   1.00000000000000        1.55334121670470     
  -1.00000000000000        2.27137909732840     
  -1.00000000000000        1.81087584882721     
   1.00000000000000      -0.429967022531365     
  -1.00000000000000       -1.43245666322280     
   1.00000000000000       -2.42578329402494     
   1.00000000000000       -2.08432744855535     
  -1.00000000000000      -3.410022868866913E-002
  -1.00000000000000       0.750241252273673     
   1.00000000000000      -0.358287487302132     
  -1.00000000000000      -0.533915572659915     
   1.00000000000000      -0.995065126325088     
   1.00000000000000      -0.579981825539450     
  -1.00000000000000        1.30576481874486     
   1.00000000000000        1.76679431800375     
  -1.00000000000000        2.19592193330841     
  -1.00000000000000        1.63030500700114     
   1.00000000000000      -0.373235406562954     
   1.00000000000000      -0.974151483244223     
   1.00000000000000       0.156991537201407     
  -1.00000000000000        2.28430520196579     
   1.00000000000000        2.87642458094608     
  -1.00000000000000        3.02991423453863     
   1.00000000000000        1.72860985354593     
  -1.00000000000000       0.809388100592520     
  -1.00000000000000      -0.607198640787866     
  -1.00000000000000       -3.14711763948919     
  -1.00000000000000       -5.92289090273903     
  -1.00000000000000       -8.27796953024599     
   1.00000000000000       -9.69427335339178     
  -1.00000000000000       -8.14889555213970     
  -1.00000000000000       -5.94897572302046     
  -1.00000000000000       -4.70975033529565     
   1.00000000000000       -4.45696241402509     
   1.00000000000000       -2.92097430113359     
   1.00000000000000       0.323085714672904     
   1.00000000000000        4.19932786591996     
   1.00000000000000        7.68362459112925     
   1.00000000000000        10.0854586975542     
  -1.00000000000000        11.3467062948441     
  -1.00000000000000        9.50114013589899     
   1.00000000000000        4.58787697713241     
   1.00000000000000       0.655430093608706     
  -1.00000000000000      -0.578656634508380     
  -1.00000000000000       -1.79915058366242     
   1.00000000000000       -3.70953286168872     
   1.00000000000000       -3.65942248142047     
  -1.00000000000000       -1.30724645198652     
   1.00000000000000      -2.537098777003566E-002
  -1.00000000000000        1.16512912060556     
   1.00000000000000        1.11462704673938     
   1.00000000000000        1.27609365968100     
   1.00000000000000        2.71684292078143     
  -1.00000000000000        4.65769445180410     
  -1.00000000000000        4.50608121261495     
   1.00000000000000        2.14483031595883     
  -1.00000000000000       0.887197139014166     
  -1.00000000000000      -0.544820179137849     
  -1.00000000000000       -2.96693988743292     
   1.00000000000000       -5.50172442462680     
  -1.00000000000000       -5.59380522934783     
  -1.00000000000000       -5.04192118251733     
  -1.00000000000000       -5.26669343914999     
   1.00000000000000       -5.96687368668159     
   1.00000000000000       -4.68414720131841     
  -1.00000000000000       -1.23556658234372     
   1.00000000000000       0.926729761843100     
   1.00000000000000        2.66384117767542     
   1.00000000000000        4.74842899267353     
  -1.00000000000000        6.61773238699538     
  -1.00000000000000        6.07890274336502     
  -1.00000000000000        3.02015548540479     
  -1.00000000000000       -1.45437866778239     
  -1.00000000000000       -5.81649033006080     
   1.00000000000000       -9.08196770789189     
  -1.00000000000000       -9.08198590439357     
  -1.00000000000000       -7.83171847185115     
   1.00000000000000       -6.85599173523263     
  -1.00000000000000       -4.33209334670713     
   1.00000000000000       -2.26516013887863     
  -1.00000000000000       0.221808334017806     
  -1.00000000000000        1.53313075711398     
  -1.00000000000000       0.856735437137959     
   1.00000000000000      -0.951573534820511     
   1.00000000000000       -1.38252084090040     
   1.00000000000000       0.316569497026214     
  -1.00000000000000        3.14525763033537     
  -1.00000000000000        4.04769393293500     
  -1.00000000000000        2.43037807765797     
  -1.00000000000000      -0.763271419246185     
   1.00000000000000       -4.42110738168824     
  -1.00000000000000       -5.39042659139485     
  -1.00000000000000       -5.25112556965671     
  -1.00000000000000       -5.55285710727841     
  -1.00000000000000       -6.11618966252360     
   1.00000000000000       -6.71536130348512     
   1.00000000000000       -5.30601006839712     
  -1.00000000000000       -1.71488371532345     
   1.00000000000000       0.849713232437453     
   1.00000000000000        3.00020790339704     
  -1.00000000000000        5.42698059130084     
   1.00000000000000        5.71987168351743     
   1.00000000000000        5.25379373228387     
   1.00000000000000        5.51194120812123     
  -1.00000000000000        6.35204926762387     
   1.00000000000000        5.21841762279239     
  -1.00000000000000        3.81573575020603     
  -1.00000000000000        1.77323706094289     
   1.00000000000000       -1.40775264828636     
  -1.00000000000000       -3.01830814358704     
   1.00000000000000       -4.02548796377272     
  -1.00000000000000       -3.46067321761592     
  -1.00000000000000       -2.99078341505996     
   1.00000000000000       -3.61010888938359     
   1.00000000000000       -2.80239867673702     
  -1.00000000000000      -0.100660006347270     
  -1.00000000000000        1.40269177150971     
   1.00000000000000       0.885600524144796     
  -1.00000000000000        1.08514309965883     
  -1.00000000000000       0.706464849596920     
   1.00000000000000       -1.04654187094212     
  -1.00000000000000       -1.62847984263704     
  -1.00000000000000       -2.21619378674482     
  -1.00000000000000       -3.59193301846051     
  -1.00000000000000       -5.32441170219096     
