  -1.00000000000000      -0.148536257502243     
   1.00000000000000      -0.188628022226186     
   1.00000000000000      -0.252413086984502     
  -1.00000000000000      -0.565587188833047     
  -1.00000000000000       -1.85879116259575     
  -1.00000000000000       -1.90520721326058     
   1.00000000000000       0.140882852597754     
  -1.00000000000000        1.15511571734956     
   1.00000000000000       0.109589819470819     
  -1.00000000000000       -2.19409610805439     
   1.00000000000000       -2.87981020519248     
   1.00000000000000       -3.13261940001388     
   1.00000000000000       -1.92583263782992     
   1.00000000000000       -1.09540136764852     
  -1.00000000000000       0.109000839985461     
   1.00000000000000        2.34878813972525     
  -1.00000000000000        4.86946672558819     
  -1.00000000000000        7.23214958465670     
   1.00000000000000        6.95493311000372     
  -1.00000000000000        5.79662990765571     
   1.00000000000000        3.46181172299328     
   1.00000000000000      -0.388220648146486     
   1.00000000000000       -2.78304835931980     
  -1.00000000000000       -4.57546758863974     
   1.00000000000000       -4.33625744484313     
   1.00000000000000       -1.67596295986982     
  -1.00000000000000        2.04402107127706     
   1.00000000000000        3.71990668435314     
   1.00000000000000        4.69338954691117     
   1.00000000000000        6.11202117675745     
  -1.00000000000000        5.42559924593583     
   1.00000000000000        4.47205441801729     
  -1.00000000000000        4.51288135794716     
   1.00000000000000        5.07603551875913     
   1.00000000000000        3.89598976149527     
  -1.00000000000000        2.83119469679235     
   1.00000000000000        1.01704978013244     
   1.00000000000000      -2.112704224535022E-002
  -1.00000000000000       0.702575741242303     
  -1.00000000000000       0.503478878089422     
  -1.00000000000000       0.637538705881771     
   1.00000000000000        2.12132594739294     
  -1.00000000000000        2.46839067269152     
  -1.00000000000000       0.726507022313311     
   1.00000000000000       -2.08555424976649     
   1.00000000000000       -3.06188710763992     
  -1.00000000000000       -3.76838276579808     
   1.00000000000000       -4.94467443358507     
   1.00000000000000       -4.04878041285860     
   1.00000000000000       -1.08168016034602     
   1.00000000000000       0.660486030979340     
  -1.00000000000000        2.38378892502331     
  -1.00000000000000        4.90375225950418     
  -1.00000000000000        7.32993537766443     
   1.00000000000000        9.06319509165357     
   1.00000000000000        7.85879072949307     
  -1.00000000000000        3.69688551806494     
  -1.00000000000000       -1.58689665673470     
   1.00000000000000       -4.39893474115919     
  -1.00000000000000       -4.05255205373893     
   1.00000000000000       -3.67971410295418     
  -1.00000000000000       -4.26015800723205     
   1.00000000000000       -3.17204702488264     
   1.00000000000000       -2.07704875722561     
   1.00000000000000      -0.386698557138999     
   1.00000000000000       0.364975440745382     
  -1.00000000000000        1.22287562829872     
   1.00000000000000        2.86238094982511     
   1.00000000000000        4.82585596023865     
  -1.00000000000000        6.70346816468819     
   1.00000000000000        6.18401021083915     
  -1.00000000000000        5.15389642155069     
   1.00000000000000        5.06369290927142     
  -1.00000000000000        3.69349705830795     
  -1.00000000000000        2.56417003623688     
   1.00000000000000       0.939054744008689     
   1.00000000000000       0.311834579748766     
  -1.00000000000000      -0.797060034166549     
  -1.00000000000000       -2.75596926782171     
  -1.00000000000000       -2.97373406640152     
  -1.00000000000000       -1.06427645644128     
  -1.00000000000000      -2.632475880576868E-002
  -1.00000000000000      -0.805221296702386     
   1.00000000000000       -2.52603025606632     
   1.00000000000000       -4.81744038588725     
   1.00000000000000       -7.16409320006131     
   1.00000000000000       -8.88840970908633     
  -1.00000000000000       -7.75405974818964     
  -1.00000000000000       -3.74504101184412     
   1.00000000000000        1.27003495110671     
   1.00000000000000        6.06809377992301     
  -1.00000000000000        7.80422370764941     
  -1.00000000000000        5.93559503037612     
  -1.00000000000000        3.92817808373412     
   1.00000000000000        3.21253798530939     
   1.00000000000000        1.51401954387924     
  -1.00000000000000       -1.51529745261704     
   1.00000000000000       -4.76943504837828     
  -1.00000000000000       -5.41022514512004     
   1.00000000000000       -3.08843330220502     
   1.00000000000000       -1.38565571838226     
  -1.00000000000000       0.550873001148222     
  -1.00000000000000        1.41355526485565     
  -1.00000000000000        2.35343113307246     
   1.00000000000000        4.15975147241822     
   1.00000000000000        4.36111200255748     
  -1.00000000000000        2.26672693436190     
   1.00000000000000       -1.21905615456223     
  -1.00000000000000       -3.10692919887733     
  -1.00000000000000       -2.45907985600167     
  -1.00000000000000       -2.14090861975281     
   1.00000000000000      -0.986515314261780     
  -1.00000000000000      -0.496924190212269     
   1.00000000000000       -1.49895853923244     
   1.00000000000000       -3.40656687480826     
  -1.00000000000000       -3.70729472979693     
   1.00000000000000       -3.65168890010867     
   1.00000000000000       -2.30263824673094     
  -1.00000000000000       0.647460091235235     
  -1.00000000000000        2.13388827213829     
   1.00000000000000        3.11414580255510     
  -1.00000000000000        4.59997810673523     
  -1.00000000000000        4.07489592062350     
  -1.00000000000000        1.43598516401174     
  -1.00000000000000       7.035358157977445E-002
  -1.00000000000000       -1.44557966385104     
  -1.00000000000000       -3.92329058466304     
   1.00000000000000       -6.46604454812575     
   1.00000000000000       -8.70177159252614     
   1.00000000000000       -10.1350788956902     
  -1.00000000000000       -10.5504716364180     
   1.00000000000000       -8.16056034736901     
   1.00000000000000       -3.21827133650428     
   1.00000000000000        2.30817617409764     
  -1.00000000000000        5.08900778583876     
   1.00000000000000        6.53258215135672     
   1.00000000000000        7.71971955954292     
  -1.00000000000000        8.39575864567442     
   1.00000000000000        6.65022995010354     
  -1.00000000000000        4.47484739820446     
  -1.00000000000000        3.33896452858644     
   1.00000000000000        1.23219637058800     
   1.00000000000000       3.549858171713538E-002
   1.00000000000000       -1.19015610999454     
  -1.00000000000000       -3.09865455365499     
   1.00000000000000       -3.24276261932385     
   1.00000000000000       -1.36049204455390     
   1.00000000000000        1.79712862723502     
  -1.00000000000000        3.43452404206828     
   1.00000000000000        4.59420577769257     
   1.00000000000000        6.08408873863717     
  -1.00000000000000        7.47324536382617     
   1.00000000000000        6.53234218643067     
   1.00000000000000        5.11201170972582     
  -1.00000000000000        4.56968299340914     
  -1.00000000000000        2.79598768056845     
   1.00000000000000        1.70263549366489     
   1.00000000000000        2.04730512698830     
  -1.00000000000000        1.39573357302915     
  -1.00000000000000      -0.761484634244292     
   1.00000000000000       -1.70503805945269     
   1.00000000000000      -0.462389087991123     
   1.00000000000000       0.166472148455508     
   1.00000000000000      -0.892670924180043     
  -1.00000000000000       -1.12616502000741     
   1.00000000000000       0.269127891048290     
  -1.00000000000000        2.73825857835637     
   1.00000000000000        5.53984994928516     
  -1.00000000000000        5.98363604157614     
   1.00000000000000        5.54513050441974     
  -1.00000000000000        3.68712209150332     
  -1.00000000000000        2.36100193483357     
   1.00000000000000       0.517500975127373     
  -1.00000000000000      -0.411054943931459     
  -1.00000000000000       -1.45534629888264     
   1.00000000000000       -3.38633584943302     
   1.00000000000000       -3.53178438343574     
   1.00000000000000       -3.45040957029100     
   1.00000000000000       -4.13576871377085     
   1.00000000000000       -3.27281030342165     
  -1.00000000000000      -0.557330001104112     
   1.00000000000000        3.02193005016351     
   1.00000000000000        6.43422730744643     
   1.00000000000000        8.93215143357888     
   1.00000000000000        8.27476244081435     
  -1.00000000000000        6.54641042209539     
  -1.00000000000000        5.63779425162056     
   1.00000000000000        5.50537447427595     
  -1.00000000000000        5.84520232777821     
   1.00000000000000        4.43210440157016     
   1.00000000000000       0.951151217755582     
   1.00000000000000       -1.55677444462541     
  -1.00000000000000       -3.74825460289362     
   1.00000000000000       -4.24743755452170     
   1.00000000000000       -2.39230944887528     
   1.00000000000000       0.836708468419805     
   1.00000000000000        2.52885987226711     
  -1.00000000000000        3.88515871321043     
  -1.00000000000000        5.53325862125628     
   1.00000000000000        6.87360819161072     
   1.00000000000000        7.97707035247027     
  -1.00000000000000        6.75907909456335     
  -1.00000000000000        2.98731510079404     
  -1.00000000000000       5.555657109261514E-002
   1.00000000000000      -0.510744404082832     
  -1.00000000000000       -1.31402705087673     
  -1.00000000000000       -3.25269660895536     
   1.00000000000000       -5.58132151961387     
   1.00000000000000       -5.60335584821370     
   1.00000000000000       -4.73945513165796     
  -1.00000000000000       -4.59579356627876     
  -1.00000000000000       -3.12730610335577     
  -1.00000000000000       3.175097653177872E-002
   1.00000000000000        3.67423263053959     
  -1.00000000000000        5.04848941404980     
   1.00000000000000        3.58344795363865     
   1.00000000000000       0.216177897495040     
  -1.00000000000000       -1.89407753783844     
  -1.00000000000000       -3.60944298373826     
  -1.00000000000000       -3.53605721780710     
  -1.00000000000000       -1.34335611912015     
  -1.00000000000000      -0.162954557207616     
   1.00000000000000      -0.894409873535670     
   1.00000000000000       -2.88466781908154     
  -1.00000000000000       -5.29087069889649     
   1.00000000000000       -7.56889291501959     
  -1.00000000000000       -7.12856106805513     
  -1.00000000000000       -3.78609363504144     
  -1.00000000000000       -1.21775445300880     
   1.00000000000000        1.44492821333693     
  -1.00000000000000        2.46703906113887     
  -1.00000000000000        1.03204574147965     
  -1.00000000000000       -1.77803739591433     
  -1.00000000000000       -3.11152520517376     
   1.00000000000000       -3.97269658013459     
   1.00000000000000       -5.20838927196585     
  -1.00000000000000       -6.53683356890940     
   1.00000000000000       -7.64749482263819     
   1.00000000000000       -6.29543457391223     
  -1.00000000000000       -2.57064833279368     
   1.00000000000000       1.671545402367869E-002
  -1.00000000000000        2.35820540008242     
  -1.00000000000000        5.04451043643413     
   1.00000000000000        5.38709365058605     
  -1.00000000000000        5.14286534769781     
  -1.00000000000000        3.64311197897035     
  -1.00000000000000       0.418912197527622     
  -1.00000000000000       -1.35737446445777     
   1.00000000000000       -2.72446138047429     
   1.00000000000000       -4.53032573760946     
  -1.00000000000000       -6.30536835005716     
  -1.00000000000000       -7.82196284028975     
   1.00000000000000       -6.84398796951052     
   1.00000000000000       -3.26769539297974     
  -1.00000000000000      -0.329477009957697     
   1.00000000000000       0.559763196489292     
   1.00000000000000        1.41571405752415     
   1.00000000000000        3.13586895111014     
   1.00000000000000        3.39471396519065     
  -1.00000000000000        3.42194182888335     
   1.00000000000000        4.09892438759462     
  -1.00000000000000        5.17946590546826     
   1.00000000000000        6.37402523885005     
  -1.00000000000000        5.50116911445760     
  -1.00000000000000        4.45967444253014     
   1.00000000000000        2.38989408816654     
  -1.00000000000000        1.07669104449815     
  -1.00000000000000      -0.609507994572765     
  -1.00000000000000       -3.10860402456189     
   1.00000000000000       -3.64687135781222     
   1.00000000000000       -3.80904774476757     
  -1.00000000000000       -4.50664473541107     
   1.00000000000000       -5.53088576114110     
   1.00000000000000       -4.50069207719300     
  -1.00000000000000       -1.31400162854693     
   1.00000000000000       0.574509568115196     
   1.00000000000000        2.34494032595909     
  -1.00000000000000        4.78680763853646     
   1.00000000000000        5.03469283297878     
  -1.00000000000000        4.75150573392680     
   1.00000000000000        5.13178367722312     
   1.00000000000000        3.80649651090667     
  -1.00000000000000        2.57661205597709     
  -1.00000000000000       0.479318438020964     
  -1.00000000000000      -0.757739200358755     
   1.00000000000000       0.172365190089860     
  -1.00000000000000       0.392386305630632     
  -1.00000000000000      -0.880160346494800     
  -1.00000000000000       -2.82011521031757     
   1.00000000000000       -2.89489482112976     
   1.00000000000000       -2.73117127551275     
  -1.00000000000000       -3.36567640892612     
  -1.00000000000000       -4.53495899627951     
   1.00000000000000       -4.04711486562886     
   1.00000000000000       -1.42111763485334     
   1.00000000000000       0.177438799243994     
  -1.00000000000000      -0.381281091617069     
  -1.00000000000000      -0.440277491267766     
   1.00000000000000        1.03753221443612     
  -1.00000000000000        3.49330440011935     
  -1.00000000000000        3.98381637098326     
  -1.00000000000000        2.06504968033447     
  -1.00000000000000       0.865134905807273     
   1.00000000000000      -0.529976831470386     
   1.00000000000000       -2.79359067924086     
  -1.00000000000000       -5.22666248577789     
   1.00000000000000       -7.54390149582588     
  -1.00000000000000       -7.40573703491535     
  -1.00000000000000       -4.32122993421383     
   1.00000000000000       -1.72978002666944     
  -1.00000000000000       0.825730793838165     
  -1.00000000000000        1.88365460030784     
  -1.00000000000000       0.751751231765180     
   1.00000000000000       0.465578403159093     
   1.00000000000000      -7.113455702834737E-002
  -1.00000000000000       -1.86271316762553     
  -1.00000000000000       -4.50130062342924     
   1.00000000000000       -5.03722335060191     
  -1.00000000000000       -2.82802109388149     
   1.00000000000000       -1.23109933013467     
  -1.00000000000000       -1.18546456772809     
  -1.00000000000000      -0.278137190588642     
  -1.00000000000000      -1.611568730507940E-002
  -1.00000000000000       0.930433560575949     
   1.00000000000000        1.11533108430874     
   1.00000000000000      -0.564737468475449     
   1.00000000000000       -3.33359609485806     
   1.00000000000000       -6.16191338037621     
   1.00000000000000       -6.49378493621938     
  -1.00000000000000       -4.06293685774271     
  -1.00000000000000      -0.141360279252286     
   1.00000000000000        3.94166423919292     
  -1.00000000000000        7.34064071942577     
  -1.00000000000000        7.77793462434311     
  -1.00000000000000        5.04210661319122     
  -1.00000000000000        2.79560735767851     
   1.00000000000000       0.284299812519575     
  -1.00000000000000       -3.18713305003416     
   1.00000000000000       -6.41398769964201     
  -1.00000000000000       -8.58707749135496     
  -1.00000000000000       -7.73389801544939     
  -1.00000000000000       -5.94092090717298     
  -1.00000000000000       -2.91595005637098     
   1.00000000000000      -0.558830925573212     
  -1.00000000000000      -9.044061185340913E-002
  -1.00000000000000       -1.18343952309954     
   1.00000000000000       -3.19127164466432     
   1.00000000000000       -3.43573823857439     
   1.00000000000000       -3.54348322158797     
  -1.00000000000000       -4.47049930452921     
   1.00000000000000       -3.54141370140999     
  -1.00000000000000      -0.449971239475750     
   1.00000000000000        3.26415679553201     
  -1.00000000000000        4.74349321961677     
   1.00000000000000        5.37249583243657     
   1.00000000000000        4.18937827200562     
   1.00000000000000        3.03400683589535     
  -1.00000000000000        1.14414958234506     
  -1.00000000000000       0.119374233322567     
  -1.00000000000000       0.795538739336914     
   1.00000000000000        2.46680767583064     
  -1.00000000000000        2.42346768389455     
   1.00000000000000       0.218068547935394     
  -1.00000000000000       -2.98908500251456     
  -1.00000000000000       -4.01454549558898     
  -1.00000000000000       -4.31497198742634     
  -1.00000000000000       -3.11089398488787     
  -1.00000000000000       -1.98776816115636     
   1.00000000000000       -2.26389952493313     
   1.00000000000000       -3.54734371557820     
   1.00000000000000       -5.30044274286788     
  -1.00000000000000       -6.82805418243862     
  -1.00000000000000       -5.96923987506482     
   1.00000000000000       -2.74695786165943     
  -1.00000000000000        1.67338925684194     
  -1.00000000000000        4.02434299173255     
   1.00000000000000        3.52588491693092     
  -1.00000000000000        3.17716408054953     
   1.00000000000000        1.78004978601133     
  -1.00000000000000       -1.15061825242270     
   1.00000000000000       -2.49643495025792     
  -1.00000000000000       -3.41228460107278     
  -1.00000000000000       -2.79867770248955     
   1.00000000000000       -2.21475169350023     
  -1.00000000000000      -0.725412992260658     
  -1.00000000000000      -9.582917805721314E-002
   1.00000000000000       -1.15562867213102     
   1.00000000000000       -1.03824251582848     
  -1.00000000000000       -1.09980564279423     
   1.00000000000000       -2.29720728913789     
  -1.00000000000000       -2.20387885745390     
  -1.00000000000000      -0.286581545762135     
   1.00000000000000       0.492683859906392     
   1.00000000000000        1.33228549844577     
   1.00000000000000        1.19635456675586     
  -1.00000000000000      -0.776176215754852     
   1.00000000000000       -1.71098559403792     
   1.00000000000000      -0.644830507019930     
   1.00000000000000        1.73313559322386     
  -1.00000000000000        2.77544406058058     
  -1.00000000000000        3.45237033333452     
  -1.00000000000000        4.68133052519939     
  -1.00000000000000        6.17440058401499     
  -1.00000000000000        5.52868714354148     
   1.00000000000000        2.50339723965557     
  -1.00000000000000       -1.45100815686668     
   1.00000000000000       -5.34384785292335     
  -1.00000000000000       -8.48254389600727     
  -1.00000000000000       -8.40844215026816     
   1.00000000000000       -7.20927976231500     
  -1.00000000000000       -4.53254840691898     
   1.00000000000000       -2.42508188512654     
  -1.00000000000000       -2.12095020819336     
  -1.00000000000000       -1.07569613470317     
   1.00000000000000      -0.855664545236025     
   1.00000000000000      -0.176883580486899     
  -1.00000000000000      -0.144142415838324     
  -1.00000000000000       -1.68476726896043     
   1.00000000000000       -2.15069701823822     
  -1.00000000000000      -0.756918707374589     
  -1.00000000000000      -0.219141220398085     
  -1.00000000000000       -1.24588355958675     
  -1.00000000000000       -1.13257625633222     
   1.00000000000000       -1.35717959981682     
   1.00000000000000       -2.88960188649358     
  -1.00000000000000       -4.98214105762859     
   1.00000000000000       -7.05020521069992     
  -1.00000000000000       -6.66119981076546     
   1.00000000000000       -3.56001506582575     
  -1.00000000000000       -1.25406490559110     
  -1.00000000000000        1.02625460539016     
   1.00000000000000        1.86046640016007     
   1.00000000000000        2.49991703832633     
   1.00000000000000        1.91738090053790     
  -1.00000000000000      -0.518799235996447     
   1.00000000000000       -1.68104623857789     
   1.00000000000000      -0.651740422424421     
  -1.00000000000000        1.61471778495882     
   1.00000000000000        2.25368755855815     
  -1.00000000000000        2.59602127333138     
   1.00000000000000        3.69344841340952     
   1.00000000000000        3.18865883308549     
  -1.00000000000000        2.81551991568800     
  -1.00000000000000        1.61700074959797     
   1.00000000000000        1.07846375120829     
  -1.00000000000000        1.96692838728426     
   1.00000000000000        1.67059159180639     
   1.00000000000000      -0.185626658915114     
  -1.00000000000000      -0.840810836287624     
   1.00000000000000       -1.55258327777826     
   1.00000000000000       -1.40906049435794     
  -1.00000000000000       0.152741828517803     
  -1.00000000000000       0.597750890525473     
   1.00000000000000        1.30346438608762     
  -1.00000000000000        2.87115301556603     
   1.00000000000000        2.83132796196037     
  -1.00000000000000       0.893644835174217     
  -1.00000000000000      -2.388958898198235E-002
  -1.00000000000000       -1.18544656307146     
   1.00000000000000       -1.25638239444911     
  -1.00000000000000       -1.53082975800136     
  -1.00000000000000       -3.04663295024435     
  -1.00000000000000       -5.01085447408628     
  -1.00000000000000       -4.88410553822452     
  -1.00000000000000       -4.31425614532632     
   1.00000000000000       -4.45940546894609     
  -1.00000000000000       -4.98804389020617     
   1.00000000000000       -5.68614861856713     
  -1.00000000000000       -6.50438770667288     
  -1.00000000000000       -5.25375484916464     
  -1.00000000000000       -3.97623698626357     
  -1.00000000000000       -1.84424612032874     
   1.00000000000000      -0.422089360662801     
  -1.00000000000000      -0.736978354643152     
  -1.00000000000000       -2.21829696033719     
  -1.00000000000000       -4.44996664562386     
  -1.00000000000000       -4.74031119580001     
   1.00000000000000       -4.55762920889091     
  -1.00000000000000       -5.01521066782419     
  -1.00000000000000       -5.61444067228055     
   1.00000000000000       -6.13294009660182     
   1.00000000000000       -4.59832660718922     
  -1.00000000000000       -3.10388899075627     
  -1.00000000000000       -2.92909349211785     
   1.00000000000000       -1.53256002885742     
  -1.00000000000000        1.44686779363383     
   1.00000000000000        2.87852725478963     
  -1.00000000000000        1.76736724040541     
   1.00000000000000       0.890331244840920     
   1.00000000000000      -0.400419377132807     
  -1.00000000000000      -0.626203525943340     
  -1.00000000000000       -1.11439581190138     
   1.00000000000000      -0.758869752346075     
   1.00000000000000        1.17843231790895     
   1.00000000000000        2.06693017612376     
   1.00000000000000        1.01553922797533     
  -1.00000000000000       0.552428643980566     
   1.00000000000000        1.48971080948622     
   1.00000000000000        3.31594691091426     
   1.00000000000000        5.44024164298718     
   1.00000000000000        5.34839707269005     
  -1.00000000000000        4.73154558038742     
   1.00000000000000        4.92194354417119     
  -1.00000000000000        5.65726701777989     
  -1.00000000000000        6.42581709751371     
   1.00000000000000        5.08978191624832     
  -1.00000000000000        3.53780656189088     
  -1.00000000000000        1.18986603699052     
  -1.00000000000000       -2.11413888193457     
  -1.00000000000000       -3.39746278421080     
  -1.00000000000000       -4.01453118862159     
   1.00000000000000       -5.18328319735136     
  -1.00000000000000       -6.55098875928716     
  -1.00000000000000       -7.68990420101563     
   1.00000000000000       -8.37945101548885     
  -1.00000000000000       -6.70893359196866     
   1.00000000000000       -4.75665734318318     
   1.00000000000000       -3.88957275736248     
   1.00000000000000       -2.09870756976549     
   1.00000000000000       -1.08632258213606     
  -1.00000000000000       0.240804520153113     
   1.00000000000000        2.53064329358496     
  -1.00000000000000        5.01261028536542     
  -1.00000000000000        7.23573438072840     
   1.00000000000000        6.66641759377303     
   1.00000000000000        5.08217465414600     
  -1.00000000000000        2.52419024273098     
   1.00000000000000       -1.06834097472798     
   1.00000000000000       -2.75409689024442     
   1.00000000000000       -1.62605668549733     
  -1.00000000000000      -0.775046336531546     
  -1.00000000000000       0.504947305130775     
   1.00000000000000        2.97284044461520     
   1.00000000000000        5.63703701880686     
   1.00000000000000        5.82354255164932     
   1.00000000000000        3.44037832629559     
   1.00000000000000        1.79686954905674     
   1.00000000000000        1.92736910732516     
  -1.00000000000000        3.02364080594940     
  -1.00000000000000        4.62196990337636     
   1.00000000000000        6.42797081660122     
  -1.00000000000000        7.92872444275929     
   1.00000000000000        6.85371880049464     
   1.00000000000000        3.37698206594025     
   1.00000000000000        1.05388369336330     
   1.00000000000000       -1.05052264224420     
  -1.00000000000000       -1.65482012075221     
   1.00000000000000      -5.646515382601980E-002
   1.00000000000000        2.61347935863643     
   1.00000000000000        5.38758546977864     
  -1.00000000000000        5.75099986119317     
  -1.00000000000000        5.42101568941376     
   1.00000000000000        5.66094695158750     
   1.00000000000000        6.05329556655872     
   1.00000000000000        4.53975850079174     
  -1.00000000000000        1.14808118936819     
  -1.00000000000000       -1.18650432895096     
   1.00000000000000       -1.20872467310067     
  -1.00000000000000       0.452571191419167     
   1.00000000000000       0.832152805810276     
   1.00000000000000      -0.568643908911281     
  -1.00000000000000      -0.854546239140839     
  -1.00000000000000       -1.24765917896727     
   1.00000000000000      -0.840634096699951     
  -1.00000000000000       0.974524240912513     
   1.00000000000000        1.65937763387434     
  -1.00000000000000       0.386395153112221     
  -1.00000000000000      -0.204221686418886     
  -1.00000000000000       -1.33501794732838     
   1.00000000000000       -1.60665728462449     
   1.00000000000000       -1.93314182280134     
  -1.00000000000000       -3.00580233369120     
  -1.00000000000000       -4.59345146017611     
  -1.00000000000000       -4.23247940885943     
  -1.00000000000000       -1.52001707106821     
  -1.00000000000000       4.203761979980714E-002
   1.00000000000000      -0.372421193001461     
  -1.00000000000000       -1.85504856613837     
   1.00000000000000       -3.82759399512842     
   1.00000000000000       -5.91779648223856     
  -1.00000000000000       -5.80684891155627     
   1.00000000000000       -5.12501030473608     
   1.00000000000000       -3.19712844940897     
   1.00000000000000       0.298465863403636     
  -1.00000000000000        2.31191598383580     
  -1.00000000000000        3.57185053990054     
   1.00000000000000        5.01998644681092     
   1.00000000000000        6.66890159977819     
  -1.00000000000000        5.90549358418147     
  -1.00000000000000        2.62026731120184     
   1.00000000000000       0.465883106218640     
   1.00000000000000       0.469096940029829     
   1.00000000000000      -0.150146473525834     
   1.00000000000000       -2.11156595620514     
   1.00000000000000       -2.69833528422229     
  -1.00000000000000       -1.24413782625784     
  -1.00000000000000        1.52751109312747     
   1.00000000000000        4.62404907377660     
   1.00000000000000        7.31721997067128     
  -1.00000000000000        7.07532316127297     
  -1.00000000000000        3.76425966578942     
  -1.00000000000000        1.09456632887579     
   1.00000000000000       0.534615473899374     
  -1.00000000000000      -0.414671901545994     
   1.00000000000000       -2.45627933346870     
  -1.00000000000000       -4.75527470254381     
  -1.00000000000000       -4.82379882039532     
  -1.00000000000000       -4.50489219282331     
  -1.00000000000000       -2.90162211374405     
   1.00000000000000       -1.54749918700254     
  -1.00000000000000       -1.75430692941446     
   1.00000000000000       -3.17624177564258     
  -1.00000000000000       -5.04749469660150     
  -1.00000000000000       -4.80438922069422     
  -1.00000000000000       -4.14158860728866     
   1.00000000000000       -2.33388086796868     
   1.00000000000000       -1.13025971798156     
  -1.00000000000000       -1.57651112663917     
   1.00000000000000       -3.22261236741471     
   1.00000000000000       -3.39406166528968     
   1.00000000000000       -1.32170831815007     
  -1.00000000000000      -0.341447919798453     
  -1.00000000000000       0.788774902007085     
  -1.00000000000000        3.02166449014233     
  -1.00000000000000        5.58331788971326     
  -1.00000000000000        5.76658446466139     
  -1.00000000000000        3.33333479532946     
   1.00000000000000      -0.385385093601294     
  -1.00000000000000       -4.31008394777251     
   1.00000000000000       -7.60792383280635     
   1.00000000000000       -9.79669319899011     
   1.00000000000000       -8.76773668802012     
  -1.00000000000000       -6.65668365023843     
   1.00000000000000       -3.22911533554332     
   1.00000000000000        1.44217487579424     
   1.00000000000000        6.16108715562739     
   1.00000000000000        7.94749046534746     
   1.00000000000000        8.15805803237899     
   1.00000000000000        8.11439464902330     
   1.00000000000000        8.08523506076858     
   1.00000000000000        8.26902511271235     
   1.00000000000000        8.30420913673190     
  -1.00000000000000        8.15106859439878     
  -1.00000000000000        7.93359749883972     
  -1.00000000000000        7.49994250402901     
   1.00000000000000        6.97258893489090     
  -1.00000000000000        4.58405928097857     
   1.00000000000000       0.531646232276092     
   1.00000000000000       -3.76555325664922     
   1.00000000000000       -5.63152241626770     
   1.00000000000000       -6.41384408448329     
   1.00000000000000       -5.09073229761676     
   1.00000000000000       -1.59822913727957     
  -1.00000000000000        2.67943416989412     
  -1.00000000000000        6.47432835247135     
   1.00000000000000        9.18386176498209     
  -1.00000000000000        10.9694601795387     
   1.00000000000000        9.54921037867839     
  -1.00000000000000        4.96247562337403     
  -1.00000000000000        1.18561334430302     
  -1.00000000000000       -2.06529529135615     
  -1.00000000000000       -3.37755069563604     
   1.00000000000000       -4.15016723593037     
  -1.00000000000000       -5.40380118851284     
   1.00000000000000       -6.64886044629696     
  -1.00000000000000       -7.65182908110661     
  -1.00000000000000       -6.45597925199148     
  -1.00000000000000       -4.91318217276485     
  -1.00000000000000       -2.14674545340043     
   1.00000000000000      -0.178821934212423     
  -1.00000000000000      -0.321787513190931     
   1.00000000000000       -1.76948640685870     
   1.00000000000000       -4.02557455837821     
   1.00000000000000       -4.49955730800552     
  -1.00000000000000       -4.62743932465850     
   1.00000000000000       -3.33345977832556     
  -1.00000000000000      -4.106696414906663E-002
  -1.00000000000000        3.93998515242448     
   1.00000000000000        5.50256322309084     
  -1.00000000000000        6.14314147997650     
   1.00000000000000        4.97322071093567     
   1.00000000000000        1.55862094732878     
   1.00000000000000      -0.674120382371373     
  -1.00000000000000       -2.46682654501710     
   1.00000000000000       -2.67866167607857     
   1.00000000000000      -0.912014740672685     
  -1.00000000000000        1.87754541643976     
  -1.00000000000000        2.80086458663456     
  -1.00000000000000        3.42261877521674     
   1.00000000000000        4.90596522787822     
   1.00000000000000        4.75620925716041     
  -1.00000000000000        2.33075991388661     
  -1.00000000000000       -1.27910020391920     
  -1.00000000000000       -3.25818612098655     
  -1.00000000000000       -2.88451119617451     
  -1.00000000000000       -2.55422548039798     
   1.00000000000000       -3.33035800058203     
   1.00000000000000       -4.79451795836805     
   1.00000000000000       -6.25221598264606     
  -1.00000000000000       -7.42712917773839     
  -1.00000000000000       -6.26936442779178     
  -1.00000000000000       -2.61426568797205     
  -1.00000000000000        2.17809123563473     
  -1.00000000000000        4.64197672828541     
  -1.00000000000000        3.86159193455449     
   1.00000000000000       0.924248518929703     
  -1.00000000000000       -2.80712785025274     
  -1.00000000000000       -6.29288369675347     
   1.00000000000000       -9.07387481455708     
   1.00000000000000       -8.71834909253526     
   1.00000000000000       -7.23929107782777     
  -1.00000000000000       -6.34827307958661     
   1.00000000000000       -4.09242317907649     
   1.00000000000000      -0.219323875152982     
   1.00000000000000        3.94835591983716     
  -1.00000000000000        5.55986470103378     
  -1.00000000000000        6.23841899636522     
  -1.00000000000000        6.96042346978431     
  -1.00000000000000        7.49525236939106     
   1.00000000000000        5.79905451190607     
   1.00000000000000        1.88608571748909     
  -1.00000000000000       -2.73443076279561     
  -1.00000000000000       -6.98809247618336     
  -1.00000000000000       -8.03275805380480     
   1.00000000000000       -5.54121914145838     
  -1.00000000000000       -3.06875367986617     
  -1.00000000000000       -2.11256474370994     
   1.00000000000000       -2.48344670249637     
  -1.00000000000000       -1.80121720120047     
   1.00000000000000       -1.51764001220252     
   1.00000000000000       -2.59561789859851     
  -1.00000000000000       -2.52891416627233     
  -1.00000000000000       -2.61081794181839     
   1.00000000000000       -1.57297215920678     
  -1.00000000000000        1.07928848564883     
   1.00000000000000        2.29578405488758     
  -1.00000000000000        1.23053227079504     
   1.00000000000000       0.641642332931101     
   1.00000000000000      -0.440381152571278     
  -1.00000000000000      -0.677234907680000     
  -1.00000000000000       -1.15777957484691     
  -1.00000000000000      -0.796678126049691     
  -1.00000000000000       0.911905632995370     
  -1.00000000000000        1.27958235045246     
   1.00000000000000      -0.170180570227092     
   1.00000000000000       -2.66570661677935     
  -1.00000000000000       -5.49092849705417     
  -1.00000000000000       -7.91931394586038     
   1.00000000000000       -7.53039504429204     
   1.00000000000000       -4.16748161410979     
   1.00000000000000       -1.45967587848542     
   1.00000000000000      -0.763458998697617     
   1.00000000000000       0.257117818652711     
  -1.00000000000000        2.24197959337678     
  -1.00000000000000        4.93260587391169     
  -1.00000000000000        7.58830161945655     
   1.00000000000000        9.48666729711624     
  -1.00000000000000        8.52522809881140     
   1.00000000000000        4.71713859881920     
   1.00000000000000      -0.476586370737881     
  -1.00000000000000       -3.62868728047827     
  -1.00000000000000       -5.58567135908838     
  -1.00000000000000       -5.25184024002715     
  -1.00000000000000       -2.51408489618813     
  -1.00000000000000      -0.721128082530886     
  -1.00000000000000      -0.859578890431861     
  -1.00000000000000       -2.20698148235068     
   1.00000000000000       -4.18553983953140     
  -1.00000000000000       -6.17310096955372     
   1.00000000000000       -7.94776775571800     
   1.00000000000000       -9.20610026990063     
  -1.00000000000000       -7.58773757574745     
  -1.00000000000000       -5.02191140837731     
   1.00000000000000       -1.33323649427684     
   1.00000000000000        3.04207942080260     
   1.00000000000000        5.09504597440776     
   1.00000000000000        4.21280976096094     
   1.00000000000000        3.18706930105128     
   1.00000000000000        3.16812941614066     
   1.00000000000000        3.81036468814343     
  -1.00000000000000        4.72465147113470     
  -1.00000000000000        5.78407870787809     
  -1.00000000000000        6.88958249835141     
   1.00000000000000        7.72605895600105     
   1.00000000000000        6.35570883620250     
  -1.00000000000000        2.64911544242042     
   1.00000000000000       -1.92520032614204     
  -1.00000000000000       -4.09102181095846     
  -1.00000000000000       -3.23098614610416     
   1.00000000000000       -2.45480655246378     
  -1.00000000000000      -0.829974022563313     
  -1.00000000000000       0.169653854961368     
   1.00000000000000      -0.694202716276183     
  -1.00000000000000      -0.588774118826776     
  -1.00000000000000      -0.746751154112934     
   1.00000000000000       -2.26758586756392     
   1.00000000000000       -2.45988810559630     
   1.00000000000000       -2.75271106429755     
   1.00000000000000       -4.06279908371788     
   1.00000000000000       -3.87518238621980     
   1.00000000000000       -1.53358870757798     
   1.00000000000000        2.14683790929648     
  -1.00000000000000        5.91164731678825     
  -1.00000000000000        8.77807172172938     
  -1.00000000000000        10.5483457815666     
  -1.00000000000000        11.2769761641661     
   1.00000000000000        9.10010259219075     
   1.00000000000000        4.27204478093613     
   1.00000000000000       -1.46332715795607     
   1.00000000000000       -6.59351815563773     
   1.00000000000000       -8.27161284226059     
   1.00000000000000       -6.34301698775363     
   1.00000000000000       -2.26410598587611     
   1.00000000000000        2.65740402193440     
   1.00000000000000        7.16887502412411     
  -1.00000000000000        10.3007893757314     
  -1.00000000000000        11.7581610826486     
   1.00000000000000        11.8207949856410     
  -1.00000000000000        11.0024202736687     
   1.00000000000000        7.79800369527762     
   1.00000000000000        2.53356599890643     
  -1.00000000000000       -1.19458443195698     
   1.00000000000000       -4.21923749008839     
  -1.00000000000000       -5.04469996127132     
  -1.00000000000000       -2.91882533851728     
   1.00000000000000       -1.29017470590971     
  -1.00000000000000       0.480638999558317     
  -1.00000000000000       0.977339231271822     
  -1.00000000000000      -0.381482213724311     
   1.00000000000000      -0.777942064070313     
  -1.00000000000000       -1.37481664645416     
   1.00000000000000       -3.10882418996699     
   1.00000000000000       -5.17576309845838     
   1.00000000000000       -4.88320067075976     
   1.00000000000000       -4.13340848356542     
   1.00000000000000       -2.31308079789173     
  -1.00000000000000       0.857669589706817     
  -1.00000000000000        4.37941187207232     
  -1.00000000000000        7.49530412909332     
  -1.00000000000000        9.67687507096776     
   1.00000000000000        8.68194453253506     
  -1.00000000000000        4.57762166391054     
  -1.00000000000000      -0.828864267656700     
  -1.00000000000000       -6.17090282476724     
  -1.00000000000000       -8.32936242365383     
  -1.00000000000000       -8.66630450740577     
  -1.00000000000000       -8.72740851473595     
  -1.00000000000000       -8.48098355428650     
   1.00000000000000       -8.13285890846766     
   1.00000000000000       -7.84077064175370     
  -1.00000000000000       -7.64890371770586     
   1.00000000000000       -7.73077381424112     
  -1.00000000000000       -5.76752389333078     
  -1.00000000000000       -1.74133351373832     
  -1.00000000000000       0.735664746567177     
  -1.00000000000000        2.59449170254474     
  -1.00000000000000        2.78540058530417     
  -1.00000000000000       0.840996383079743     
  -1.00000000000000       -2.08556270722293     
   1.00000000000000       -5.27397155220410     
   1.00000000000000       -8.05671761839761     
  -1.00000000000000       -9.96440349044158     
   1.00000000000000       -10.7140211090755     
   1.00000000000000       -8.39842656307912     
  -1.00000000000000       -3.80279330662600     
   1.00000000000000      -0.640818631120317     
   1.00000000000000        1.96486182092681     
  -1.00000000000000        4.67016295908962     
   1.00000000000000        5.05414550721134     
   1.00000000000000        4.85116374620386     
   1.00000000000000        5.34173578253795     
   1.00000000000000        4.21808060916943     
   1.00000000000000        3.17470867515420     
  -1.00000000000000        3.34734984932349     
  -1.00000000000000        4.38465237791484     
  -1.00000000000000        5.75039695890869     
  -1.00000000000000        7.01565915002467     
   1.00000000000000        6.08959663202770     
   1.00000000000000        2.88454499771123     
   1.00000000000000       -1.31554815100147     
  -1.00000000000000       -5.45279605216531     
  -1.00000000000000       -6.64379183005098     
   1.00000000000000       -4.62950211617123     
   1.00000000000000      -0.954411557432752     
   1.00000000000000        1.28414899323839     
   1.00000000000000        1.21323290585130     
  -1.00000000000000        1.38133240599416     
   1.00000000000000        2.59027949973062     
   1.00000000000000        4.28198745443154     
   1.00000000000000        6.15744990568877     
   1.00000000000000        5.86275119525036     
   1.00000000000000        5.01405786351057     
   1.00000000000000        4.90186103014288     
   1.00000000000000        5.48859171858932     
   1.00000000000000        6.37942124581370     
  -1.00000000000000        7.14138611556799     
  -1.00000000000000        7.67771358705257     
   1.00000000000000        7.91651606035277     
   1.00000000000000        7.83970799574216     
   1.00000000000000        5.59127541044994     
   1.00000000000000        1.44170500771011     
  -1.00000000000000       -1.12071703625932     
   1.00000000000000       -1.11078864858735     
  -1.00000000000000       0.521219853642806     
  -1.00000000000000        3.00136324106563     
  -1.00000000000000        3.64762675798211     
   1.00000000000000        3.92954906650579     
   1.00000000000000        2.94300703605196     
   1.00000000000000       0.189710313360763     
  -1.00000000000000       -3.14103220551786     
  -1.00000000000000       -4.21221935520647     
   1.00000000000000       -2.59387549708889     
   1.00000000000000       0.487514902603554     
   1.00000000000000        1.91316423361963     
  -1.00000000000000       0.896745288294867     
  -1.00000000000000       0.423155495561797     
   1.00000000000000        1.27396381464612     
   1.00000000000000        2.84490834888291     
  -1.00000000000000        2.69480503867578     
  -1.00000000000000       0.625654689598419     
  -1.00000000000000      -0.267972957084842     
   1.00000000000000       0.815030539117953     
  -1.00000000000000        1.15919549552126     
  -1.00000000000000      -0.269585541673890     
  -1.00000000000000       -2.69297043949712     
  -1.00000000000000       -3.29422602261741     
   1.00000000000000       -3.73251599376469     
   1.00000000000000       -4.77882227603462     
   1.00000000000000       -5.86119186314937     
   1.00000000000000       -6.79632412298071     
  -1.00000000000000       -5.52534342007455     
   1.00000000000000       -1.84014729510773     
   1.00000000000000        2.77759663669857     
   1.00000000000000        7.07057863136285     
  -1.00000000000000        8.30227472535217     
  -1.00000000000000        7.99189853609164     
  -1.00000000000000        7.74936874070404     
  -1.00000000000000        7.86799918540054     
  -1.00000000000000        5.93823785123451     
  -1.00000000000000        1.96474164849841     
   1.00000000000000       -2.52674639978108     
   1.00000000000000       -6.66717891930935     
   1.00000000000000       -9.95087001094182     
   1.00000000000000       -11.8554998099394     
  -1.00000000000000       -10.3973691548537     
  -1.00000000000000       -5.81894420581271     
   1.00000000000000       3.261911796086814E-003
  -1.00000000000000        5.44426923325444     
   1.00000000000000        7.73417625478476     
  -1.00000000000000        6.50046400683559     
  -1.00000000000000        5.11805996372967     
   1.00000000000000        2.84198782326362     
   1.00000000000000        1.41061270717398     
  -1.00000000000000      -0.224871452893498     
  -1.00000000000000       -2.80243072455852     
   1.00000000000000       -3.58429868076835     
  -1.00000000000000       -2.04630607366780     
   1.00000000000000       -1.18026965333693     
  -1.00000000000000       -1.93347215748427     
   1.00000000000000       -1.67749634573785     
   1.00000000000000       -1.72327176201326     
   1.00000000000000       -1.01059665815790     
  -1.00000000000000      -0.874607957168194     
  -1.00000000000000      -0.122047937214514     
   1.00000000000000        2.03877742562956     
  -1.00000000000000        4.67000439321032     
   1.00000000000000        5.12976548398460     
  -1.00000000000000        2.86055803448714     
  -1.00000000000000        1.10442609681054     
  -1.00000000000000      -0.781368045111154     
  -1.00000000000000       -1.56193800889467     
  -1.00000000000000       -2.34075171842817     
  -1.00000000000000       -3.83217044376837     
   1.00000000000000       -5.54915177590791     
  -1.00000000000000       -7.10746432122303     
   1.00000000000000       -8.39175059296940     
  -1.00000000000000       -9.02118034099023     
   1.00000000000000       -6.85983880527681     
  -1.00000000000000       -4.28324256160650     
   1.00000000000000       -1.13991171803015     
   1.00000000000000       0.658542246448063     
  -1.00000000000000        2.25514771675127     
  -1.00000000000000        2.27831580472347     
   1.00000000000000        2.27980164388508     
   1.00000000000000        3.41969823763094     
  -1.00000000000000        3.05808012444229     
  -1.00000000000000       0.859161245575172     
   1.00000000000000      -0.155560317286968     
  -1.00000000000000       0.781095248632645     
   1.00000000000000       0.896243983926332     
   1.00000000000000      -0.762095738931381     
   1.00000000000000       -1.33624930978083     
   1.00000000000000       -1.93413902985245     
  -1.00000000000000       -1.46964513833803     
   1.00000000000000       0.654707439128669     
  -1.00000000000000        3.68908234730107     
  -1.00000000000000        6.71978244895773     
   1.00000000000000        7.01578876045606     
  -1.00000000000000        6.20692868987530     
   1.00000000000000        3.71579885537585     
  -1.00000000000000      -0.400533911560613     
   1.00000000000000       -2.74951945409077     
  -1.00000000000000       -4.33751061315002     
  -1.00000000000000       -4.10475304258167     
   1.00000000000000       -3.82973954075611     
  -1.00000000000000       -2.64773696334605     
   1.00000000000000       -1.86142767599090     
  -1.00000000000000       -2.51864619306993     
   1.00000000000000       -2.04783051621257     
  -1.00000000000000       -1.69527722413050     
   1.00000000000000      -0.498195282270907     
   1.00000000000000      -0.202645484686178     
  -1.00000000000000       0.327690677173577     
   1.00000000000000       0.157583267747768     
  -1.00000000000000       0.482725692331384     
   1.00000000000000        2.09408503924830     
   1.00000000000000        2.25353799961633     
  -1.00000000000000        2.36531504699737     
  -1.00000000000000        1.49928306350332     
   1.00000000000000       0.935462966801403     
   1.00000000000000        1.64627935730471     
   1.00000000000000        1.14834675353626     
  -1.00000000000000       -1.03848683356207     
   1.00000000000000       -1.90909768726216     
  -1.00000000000000      -0.767670363024906     
  -1.00000000000000        1.68347016593942     
  -1.00000000000000        2.58104556243679     
  -1.00000000000000        3.29099270939158     
  -1.00000000000000        2.70195181356728     
  -1.00000000000000       0.132396586742165     
  -1.00000000000000       -3.24717073090946     
   1.00000000000000       -6.47852362342639     
  -1.00000000000000       -8.95639872286617     
   1.00000000000000       -10.4560311085342     
  -1.00000000000000       -11.0569675093648     
   1.00000000000000       -8.67926496906383     
  -1.00000000000000       -5.64767615173224     
  -1.00000000000000       -1.86389648695687     
  -1.00000000000000       0.816523684556577     
   1.00000000000000        3.01544450425878     
   1.00000000000000        3.23840502934944     
  -1.00000000000000        1.16628787863036     
   1.00000000000000       -1.95217190737284     
  -1.00000000000000       -3.33311600310464     
  -1.00000000000000       -2.23749257815769     
  -1.00000000000000       -1.60842652147391     
   1.00000000000000      -0.551175466941501     
   1.00000000000000      -0.332533332975468     
  -1.00000000000000       -1.67400564758334     
   1.00000000000000       -3.79482750136132     
  -1.00000000000000       -4.08622689182027     
  -1.00000000000000       -1.92846039527627     
   1.00000000000000      -0.452490244768571     
  -1.00000000000000        1.25512193715815     
  -1.00000000000000        1.78176690237737     
  -1.00000000000000       0.424840780929816     
   1.00000000000000      -5.625361785640970E-002
  -1.00000000000000       -1.11765917118655     
   1.00000000000000       -3.11919583510002     
   1.00000000000000       -5.35961216497844     
  -1.00000000000000       -5.50668938338733     
  -1.00000000000000       -4.91750241100360     
   1.00000000000000       -2.85234113239708     
   1.00000000000000       0.871707131801565     
  -1.00000000000000        3.05621568512506     
  -1.00000000000000        2.63399521201238     
   1.00000000000000        2.43734465258958     
  -1.00000000000000        3.44675071963633     
   1.00000000000000        2.97368071532552     
  -1.00000000000000       0.514964781588870     
  -1.00000000000000      -0.726311546699257     
  -1.00000000000000       -2.01743068853219     
  -1.00000000000000       -2.15195916458358     
  -1.00000000000000       -2.28198052128945     
  -1.00000000000000       -3.51739299708750     
  -1.00000000000000       -5.42047548758970     
  -1.00000000000000       -7.17329972070273     
   1.00000000000000       -8.52196943374476     
   1.00000000000000       -9.47740251292321     
   1.00000000000000       -9.78644460924031     
  -1.00000000000000       -9.53022242644614     
  -1.00000000000000       -6.89560736743744     
  -1.00000000000000       -2.15349095637016     
  -1.00000000000000        3.18166906808795     
   1.00000000000000        5.95704817131537     
   1.00000000000000        5.43617898221813     
  -1.00000000000000        2.69599622949237     
   1.00000000000000       -1.10469672414739     
  -1.00000000000000       -2.98966994782487     
  -1.00000000000000       -2.36790800794586     
  -1.00000000000000       -2.13879944738346     
   1.00000000000000       -1.15346789944283     
   1.00000000000000      -0.620138160564163     
  -1.00000000000000       -1.56706127468269     
   1.00000000000000       -3.37741380271506     
  -1.00000000000000       -3.33946652981825     
   1.00000000000000       -1.06216538652859     
   1.00000000000000       0.187635287916566     
  -1.00000000000000        1.29160693454548     
  -1.00000000000000        1.31484400942615     
   1.00000000000000        1.67421457205804     
  -1.00000000000000        3.06607716653839     
  -1.00000000000000        2.92328127584927     
  -1.00000000000000       0.796659360289046     
   1.00000000000000      -0.275833459746971     
   1.00000000000000       -1.54136464582906     
  -1.00000000000000       -3.73309419797313     
   1.00000000000000       -5.96729030977794     
   1.00000000000000       -5.59174613078877     
  -1.00000000000000       -2.57581595525015     
   1.00000000000000      -0.577712238700257     
  -1.00000000000000        1.21906277773493     
   1.00000000000000        3.86088875643863     
   1.00000000000000        4.67789204601598     
  -1.00000000000000        4.86104018980364     
   1.00000000000000        3.52247321764826     
   1.00000000000000        2.38216496596842     
  -1.00000000000000        2.54468399661466     
   1.00000000000000        1.55960730584929     
  -1.00000000000000       0.976249382004027     
  -1.00000000000000        1.74697897114120     
  -1.00000000000000        1.09109581277922     
   1.00000000000000       0.752767213906089     
   1.00000000000000       5.878138926838850E-002
  -1.00000000000000       -1.88268530662460     
   1.00000000000000       -4.29751767822822     
   1.00000000000000       -4.46132167189045     
  -1.00000000000000       -2.20307571004863     
  -1.00000000000000      -0.791718172589219     
  -1.00000000000000       0.915986591700160     
   1.00000000000000        3.40196930229986     
  -1.00000000000000        4.05455064229535     
  -1.00000000000000        2.09939675976293     
  -1.00000000000000       -1.40375671220556     
  -1.00000000000000       -2.96884148934836     
  -1.00000000000000       -3.96938745523455     
   1.00000000000000       -5.58158011325254     
  -1.00000000000000       -7.16817364857989     
  -1.00000000000000       -8.38774339743643     
  -1.00000000000000       -9.05500490335384     
   1.00000000000000       -7.26205268790628     
  -1.00000000000000       -4.99791458395046     
  -1.00000000000000       -3.68754723080991     
  -1.00000000000000       -3.52198921858012     
   1.00000000000000       -2.03295987155077     
  -1.00000000000000      -0.979339743226359     
  -1.00000000000000       -1.55124730482145     
  -1.00000000000000       -3.08438249062190     
   1.00000000000000       -3.04345437297291     
  -1.00000000000000       -3.00884472093285     
  -1.00000000000000       -3.79364490435003     
   1.00000000000000       -5.08423703725726     
  -1.00000000000000       -4.61738678575900     
  -1.00000000000000       -3.86503097828593     
  -1.00000000000000       -3.89244803078582     
  -1.00000000000000       -2.35805804039665     
  -1.00000000000000       -1.11644374554687     
  -1.00000000000000       -1.34616731197909     
   1.00000000000000       -2.56323803638062     
   1.00000000000000       -4.34819535311012     
   1.00000000000000       -6.28091316870212     
   1.00000000000000       -7.94903419094539     
   1.00000000000000       -7.06396528327971     
   1.00000000000000       -3.57539480734443     
   1.00000000000000       0.970184179737883     
   1.00000000000000        5.29953195831290     
   1.00000000000000        8.60158597014357     
  -1.00000000000000        10.6268166262149     
   1.00000000000000        11.6274069454745     
   1.00000000000000        11.8167252763284     
   1.00000000000000        11.2409555962578     
  -1.00000000000000        8.07276060609814     
  -1.00000000000000        4.78228322129582     
   1.00000000000000        3.13364294808308     
   1.00000000000000        2.94216708963393     
   1.00000000000000        1.83364266536921     
   1.00000000000000      -0.706666404403518     
   1.00000000000000       -1.74144955601366     
   1.00000000000000      -0.628533601395735     
  -1.00000000000000        1.58148560791160     
   1.00000000000000        4.20909067994916     
   1.00000000000000        6.66348654193614     
  -1.00000000000000        8.49053528550439     
  -1.00000000000000        7.51697389951075     
  -1.00000000000000        5.75723392291670     
  -1.00000000000000        4.92568527352796     
  -1.00000000000000        3.09211598041563     
   1.00000000000000      -0.168791951910199     
   1.00000000000000       -3.79260686651867     
   1.00000000000000       -6.84958281372866     
   1.00000000000000       -9.07930160129234     
  -1.00000000000000       -8.26301669064416     
   1.00000000000000       -4.48916319600935     
  -1.00000000000000       0.514159672207337     
   1.00000000000000        5.45439012663730     
  -1.00000000000000        7.28627335207832     
   1.00000000000000        7.69011098535901     
  -1.00000000000000        6.07016194823877     
   1.00000000000000        4.23092954190308     
   1.00000000000000        1.43094765646402     
   1.00000000000000      -0.515375844788931     
   1.00000000000000       -2.38203219163251     
   1.00000000000000       -2.72808550069227     
   1.00000000000000      -0.900179753305637     
  -1.00000000000000        2.13816975044618     
   1.00000000000000        5.40265729462242     
   1.00000000000000        8.01710766105909     
  -1.00000000000000        9.53729119894559     
  -1.00000000000000        8.14363326340418     
  -1.00000000000000        5.95477358346965     
  -1.00000000000000        4.50044844170719     
   1.00000000000000        1.96058548022830     
  -1.00000000000000       -1.78956107794259     
  -1.00000000000000       -5.50017466156504     
  -1.00000000000000       -8.54132087483250     
  -1.00000000000000       -8.35761081139063     
  -1.00000000000000       -6.86729190095729     
  -1.00000000000000       -5.86704192722757     
   1.00000000000000       -5.31564379524939     
  -1.00000000000000       -5.25799605743624     
  -1.00000000000000       -5.61789031132426     
  -1.00000000000000       -6.36912298188064     
   1.00000000000000       -5.18982842962136     
  -1.00000000000000       -3.67750064638417     
   1.00000000000000       -3.36017104729706     
  -1.00000000000000       -4.12395763491855     
   1.00000000000000       -3.34727930220745     
   1.00000000000000       -2.65145174089380     
   1.00000000000000       -1.20919033318333     
  -1.00000000000000      -0.641511099549596     
   1.00000000000000       0.364054540928694     
   1.00000000000000        2.73342616190589     
  -1.00000000000000        5.46866964071741     
  -1.00000000000000        5.75347922877403     
   1.00000000000000        5.34871851404751     
  -1.00000000000000        5.68711168026638     
   1.00000000000000        4.48210290896075     
  -1.00000000000000        1.32542366347863     
  -1.00000000000000      -0.736469694578025     
   1.00000000000000       -2.41785512166799     
  -1.00000000000000       -2.31179854744512     
  -1.00000000000000       -2.04639465609180     
   1.00000000000000       -2.65401798643331     
   1.00000000000000       -1.86186726653084     
   1.00000000000000       -1.57325422261435     
   1.00000000000000       -2.60943287236649     
  -1.00000000000000       -2.23887053139865     
   1.00000000000000      -1.414490259294077E-003
   1.00000000000000        3.04007606801104     
  -1.00000000000000        6.05491547738876     
   1.00000000000000        6.54742900181842     
  -1.00000000000000        6.17782633590287     
   1.00000000000000        6.13295094806694     
  -1.00000000000000        4.42279857846379     
   1.00000000000000        3.16771900843169     
   1.00000000000000        1.32268594766579     
  -1.00000000000000       0.331675820315738     
  -1.00000000000000      -0.777241763595454     
  -1.00000000000000      -0.677258523589172     
   1.00000000000000        1.31342403074304     
   1.00000000000000        2.03143552776592     
   1.00000000000000       0.637863228533495     
  -1.00000000000000       -1.69176721253266     
   1.00000000000000       -2.26060347295250     
  -1.00000000000000      -0.666367338452216     
  -1.00000000000000        2.17383197108274     
  -1.00000000000000        3.24897238546281     
   1.00000000000000        4.02840476542332     
   1.00000000000000        3.50238622666298     
  -1.00000000000000       0.958391007028974     
   1.00000000000000       -2.66559369829740     
   1.00000000000000       -4.29240498406860     
   1.00000000000000       -3.19335140076925     
   1.00000000000000       -2.34344585407177     
  -1.00000000000000      -0.668354056580135     
  -1.00000000000000        2.11839825775087     
   1.00000000000000        5.12148048363900     
  -1.00000000000000        7.71061083989011     
  -1.00000000000000        7.46632851691277     
  -1.00000000000000        4.26672527859372     
  -1.00000000000000        1.66960806158023     
  -1.00000000000000      -0.909084154610064     
  -1.00000000000000       -4.03126286230553     
   1.00000000000000       -7.06924108347040     
  -1.00000000000000       -9.50708502920916     
   1.00000000000000       -10.9161933918137     
  -1.00000000000000       -11.0933379983022     
   1.00000000000000       -8.52497676996166     
  -1.00000000000000       -5.70547930593654     
   1.00000000000000       -2.17598953716929     
   1.00000000000000       0.281457720506452     
   1.00000000000000        2.21383851651477     
   1.00000000000000        2.29069387801958     
  -1.00000000000000        2.41006847505913     
  -1.00000000000000        3.70265909491561     
  -1.00000000000000        5.45215192276536     
   1.00000000000000        7.06401259422156     
   1.00000000000000        6.19677688284977     
   1.00000000000000        2.92538034850659     
   1.00000000000000       -1.44284412707265     
   1.00000000000000       -3.69626310070911     
  -1.00000000000000       -3.04320151512224     
  -1.00000000000000      -0.520256669247615     
  -1.00000000000000        2.72425172558087     
  -1.00000000000000        5.90559833837307     
  -1.00000000000000        6.43820354978738     
   1.00000000000000        3.88148813328730     
   1.00000000000000      -0.387511248081939     
  -1.00000000000000       -4.88632811499925     
  -1.00000000000000       -8.53473683067467     
   1.00000000000000       -8.88966036200625     
   1.00000000000000       -5.93514306929550     
  -1.00000000000000       -3.16520433167437     
  -1.00000000000000       -2.07055523391273     
  -1.00000000000000      -0.288122740863104     
   1.00000000000000        2.63433221541010     
  -1.00000000000000        3.64313468420928     
   1.00000000000000        2.18681713745380     
  -1.00000000000000      -0.762157224671000     
   1.00000000000000       -2.25468618111589     
   1.00000000000000       -3.44066823425546     
   1.00000000000000       -2.97077056694349     
   1.00000000000000       -2.41278287355796     
   1.00000000000000       -1.10990377131734     
   1.00000000000000        1.40182813528913     
   1.00000000000000        4.24428526729411     
   1.00000000000000        7.07167523942694     
   1.00000000000000        9.40129274048290     
  -1.00000000000000        10.8081911345747     
   1.00000000000000        11.0483390336922     
  -1.00000000000000        10.2034880742164     
   1.00000000000000        8.88766710951296     
  -1.00000000000000        5.45919516586305     
   1.00000000000000        2.39890751692816     
   1.00000000000000      -0.784459442780728     
   1.00000000000000       -2.57217511881537     
   1.00000000000000       -3.93585286489534     
   1.00000000000000       -3.52167075904710     
   1.00000000000000      -0.863612875366421     
  -1.00000000000000        2.65743100978204     
   1.00000000000000        5.78624605337645     
  -1.00000000000000        8.24244010345779     
  -1.00000000000000        9.83146445787830     
   1.00000000000000        8.44714677638819     
  -1.00000000000000        6.25111204265452     
   1.00000000000000        2.78142889146402     
   1.00000000000000       -2.01290257580479     
   1.00000000000000       -4.47228769517313     
   1.00000000000000       -5.72694417642753     
  -1.00000000000000       -4.97664692543364     
  -1.00000000000000       -2.00165218628386     
   1.00000000000000        1.96470006081766     
   1.00000000000000        5.91083510545437     
  -1.00000000000000        7.09151600588398     
   1.00000000000000        5.14101500721814     
  -1.00000000000000        3.39404488752384     
  -1.00000000000000        3.14645164923958     
   1.00000000000000        2.05990376594157     
   1.00000000000000        1.52121439204770     
   1.00000000000000       0.390701049192139     
  -1.00000000000000       -1.89505668168103     
  -1.00000000000000       -2.62387753731949     
   1.00000000000000       -1.01247716839044     
   1.00000000000000        1.98838190301601     
   1.00000000000000        3.18961960386693     
  -1.00000000000000        2.00460691397892     
   1.00000000000000        1.33106705542746     
  -1.00000000000000        2.06887058054900     
   1.00000000000000        3.61613647300190     
  -1.00000000000000        3.31973967901791     
   1.00000000000000        2.85339719548911     
  -1.00000000000000        1.43572418306826     
   1.00000000000000       0.528717790247636     
   1.00000000000000      -0.805821254511174     
  -1.00000000000000      -0.892723239719844     
   1.00000000000000       -1.21479399862854     
  -1.00000000000000      -0.839805927682665     
  -1.00000000000000        1.08179296204389     
   1.00000000000000        1.65423816480139     
  -1.00000000000000        2.20420913852466     
   1.00000000000000        1.57027177746332     
   1.00000000000000      -0.635910902546180     
  -1.00000000000000       -1.65871395971670     
  -1.00000000000000       -2.70057092647479     
   1.00000000000000       -2.39727614370520     
  -1.00000000000000      -0.176830032140602     
   1.00000000000000       0.967855243936032     
   1.00000000000000       0.114438851488712     
  -1.00000000000000      -2.664842489568553E-002
   1.00000000000000      -0.717920021376772     
  -1.00000000000000      -0.598460305213997     
  -1.00000000000000        1.17803168678389     
   1.00000000000000        1.90442218007686     
   1.00000000000000        2.75892622086757     
   1.00000000000000        2.16224778272123     
  -1.00000000000000      -0.320964822632727     
   1.00000000000000       -1.43515982781558     
  -1.00000000000000      -0.613773361384890     
   1.00000000000000        1.28118754579380     
  -1.00000000000000        1.68883595611080     
  -1.00000000000000        2.02516875791604     
  -1.00000000000000        1.18581995970388     
  -1.00000000000000       0.733858316957835     
  -1.00000000000000      -0.325902020135839     
   1.00000000000000       -2.42589654201436     
  -1.00000000000000       -4.81277759215067     
  -1.00000000000000       -7.03266255100111     
  -1.00000000000000       -8.67056314925895     
   1.00000000000000       -7.63960085538358     
   1.00000000000000       -5.92236299339701     
   1.00000000000000       -4.95115041477129     
   1.00000000000000       -4.61105424366194     
   1.00000000000000       -2.83998328263266     
   1.00000000000000       0.467314363618702     
  -1.00000000000000        4.28601530557417     
  -1.00000000000000        7.64280468574892     
   1.00000000000000        9.74285749439627     
   1.00000000000000        10.6887356846096     
  -1.00000000000000        8.86281538990819     
  -1.00000000000000        4.33974353926184     
   1.00000000000000       0.889777905606077     
   1.00000000000000      -5.768221652526329E-002
  -1.00000000000000       -1.12415359175006     
   1.00000000000000       -3.27194988284200     
  -1.00000000000000       -3.83290422416790     
   1.00000000000000       -2.10981774387044     
   1.00000000000000       -1.06195018489231     
   1.00000000000000       0.466888507348340     
  -1.00000000000000       0.919393522855788     
  -1.00000000000000        1.47359790859564     
   1.00000000000000        3.21291601019368     
  -1.00000000000000        5.61206399317996     
  -1.00000000000000        5.79482011614645     
  -1.00000000000000        3.23511375757747     
   1.00000000000000        1.36360783618978     
  -1.00000000000000      -0.637244389630237     
  -1.00000000000000       -3.41281250551254     
  -1.00000000000000       -6.29262301144513     
   1.00000000000000       -6.64614411902765     
   1.00000000000000       -5.98490214923090     
  -1.00000000000000       -5.71120970157021     
   1.00000000000000       -5.87620645345789     
   1.00000000000000       -4.40761296181753     
   1.00000000000000       -1.09669686585520     
  -1.00000000000000       0.800061496847350     
  -1.00000000000000        2.44398450911309     
  -1.00000000000000        4.64014775713051     
  -1.00000000000000        6.52005250378255     
  -1.00000000000000        6.01116183707859     
   1.00000000000000        3.07740872272175     
  -1.00000000000000       -1.12227777547069     
  -1.00000000000000       -5.40371977989637     
   1.00000000000000       -8.78578938754648     
  -1.00000000000000       -8.92638890954625     
   1.00000000000000       -7.80574512651761     
  -1.00000000000000       -6.87306225345328     
  -1.00000000000000       -4.23076563274536     
  -1.00000000000000       -1.82269973642130     
   1.00000000000000        1.06400117774214     
   1.00000000000000        2.51644584943506     
   1.00000000000000        1.75411723373555     
  -1.00000000000000      -0.427697447835446     
  -1.00000000000000       -1.31802210001776     
  -1.00000000000000      -0.117127417051605     
  -1.00000000000000        2.17147156175639     
   1.00000000000000        2.76426093611233     
  -1.00000000000000        1.33330579860420     
  -1.00000000000000       -1.19528480711854     
  -1.00000000000000       -4.17570863647049     
  -1.00000000000000       -4.88955549008843     
   1.00000000000000       -4.83941397439791     
   1.00000000000000       -5.35073299547093     
  -1.00000000000000       -6.09513123629521     
   1.00000000000000       -6.68935200006852     
   1.00000000000000       -5.24221668068169     
  -1.00000000000000       -1.65931062206307     
   1.00000000000000       0.860132072326673     
   1.00000000000000        2.92458816485246     
   1.00000000000000        5.41995058480766     
  -1.00000000000000        5.84450722985549     
   1.00000000000000        5.52149800245932     
  -1.00000000000000        5.62563574614430     
  -1.00000000000000        6.27593078908344     
   1.00000000000000        5.07935794676767     
  -1.00000000000000        3.56047213929562     
   1.00000000000000        1.30170504401345     
  -1.00000000000000       -2.07502990395452     
  -1.00000000000000       -3.64135355001818     
   1.00000000000000       -4.55591441138391     
   1.00000000000000       -3.76570786526673     
  -1.00000000000000       -2.88355992374162     
  -1.00000000000000       -3.09734167261102     
   1.00000000000000       -1.91641969986025     
  -1.00000000000000        1.03213617453577     
  -1.00000000000000        2.58836861871586     
   1.00000000000000        1.81341863032243     
  -1.00000000000000        1.34412827087653     
  -1.00000000000000       0.240746032640356     
  -1.00000000000000       -1.98734896884225     
  -1.00000000000000       -2.63739350133319     
