  -1.00000000000000       3.854558345257143E-002
   1.00000000000000      -0.885214823615488     
   1.00000000000000      -0.763334726626734     
  -1.00000000000000        1.00940594717370     
  -1.00000000000000        1.32073666423211     
  -1.00000000000000      -0.471820432770952     
   1.00000000000000       -3.10066848611264     
  -1.00000000000000       -3.68871399308812     
   1.00000000000000       -3.72545544504152     
  -1.00000000000000       -2.62789900318567     
   1.00000000000000       -1.91255904877593     
   1.00000000000000      -0.553356119483259     
   1.00000000000000        2.01825845811022     
   1.00000000000000        5.08568432578397     
  -1.00000000000000        7.72186961119400     
   1.00000000000000        7.41539052773106     
  -1.00000000000000        6.19479086625615     
  -1.00000000000000        3.65207215614121     
   1.00000000000000      -0.247199319137140     
  -1.00000000000000       -2.23758267565691     
   1.00000000000000       -3.58851782698632     
   1.00000000000000       -3.22888724961390     
   1.00000000000000      -0.806073799245593     
  -1.00000000000000        2.42516024966102     
   1.00000000000000        3.59492899076539     
   1.00000000000000        4.22315006812249     
  -1.00000000000000        5.31691400813908     
   1.00000000000000        4.63070986427598     
   1.00000000000000        3.76232090972436     
   1.00000000000000        4.22628605329109     
  -1.00000000000000        5.35671323908921     
   1.00000000000000        4.65222244939763     
  -1.00000000000000        3.95297391662319     
   1.00000000000000        2.35202427798981     
   1.00000000000000        1.40503364960871     
  -1.00000000000000        1.93880627702882     
   1.00000000000000        1.46444643665940     
   1.00000000000000        1.40948688848813     
  -1.00000000000000        2.72944508352595     
  -1.00000000000000        2.84394245421032     
  -1.00000000000000       0.929001660999238     
   1.00000000000000       -2.14954496373576     
  -1.00000000000000       -3.38350961130672     
  -1.00000000000000       -4.18121741960015     
   1.00000000000000       -5.29025560862695     
   1.00000000000000       -4.22937077324070     
  -1.00000000000000       -1.07369473823327     
   1.00000000000000       0.593958445071191     
   1.00000000000000        2.14425027080053     
   1.00000000000000        4.41326434358527     
   1.00000000000000        6.54449805157734     
  -1.00000000000000        8.18642097108891     
  -1.00000000000000        7.44316115804658     
  -1.00000000000000        3.99852025226245     
   1.00000000000000      -0.909936432566678     
   1.00000000000000       -3.65495316196844     
  -1.00000000000000       -3.41507344477405     
  -1.00000000000000       -3.30155587108006     
   1.00000000000000       -3.97263474573453     
  -1.00000000000000       -3.12595108641489     
   1.00000000000000       -2.45481952375096     
  -1.00000000000000       -1.15496380683313     
   1.00000000000000      -0.627469126943171     
   1.00000000000000       0.360630774358677     
   1.00000000000000        2.41043286718356     
   1.00000000000000        4.76520067610214     
  -1.00000000000000        6.80125517843242     
   1.00000000000000        6.38104046827214     
   1.00000000000000        5.29333429477727     
  -1.00000000000000        4.91950145839838     
   1.00000000000000        2.94851685641261     
  -1.00000000000000        1.21630140183138     
   1.00000000000000      -0.801899890396994     
  -1.00000000000000       -1.47410840593499     
  -1.00000000000000       -1.93000650580407     
   1.00000000000000       -3.32788198177467     
   1.00000000000000       -3.25496984682702     
  -1.00000000000000       -1.05439799164617     
  -1.00000000000000       7.848603464731220E-002
  -1.00000000000000      -0.781416463521071     
  -1.00000000000000       -2.61079992617641     
  -1.00000000000000       -4.80280975055792     
  -1.00000000000000       -6.91510801223411     
   1.00000000000000       -8.45710296042495     
   1.00000000000000       -7.33056291923073     
   1.00000000000000       -3.54210504883390     
   1.00000000000000        1.46124434106393     
  -1.00000000000000        6.23960768064911     
  -1.00000000000000        7.79874330108639     
   1.00000000000000        5.84215392492289     
   1.00000000000000        3.89713123180846     
  -1.00000000000000        3.23382828711299     
  -1.00000000000000        1.71944441258944     
  -1.00000000000000       -1.04883797742356     
   1.00000000000000       -4.15133212803382     
   1.00000000000000       -4.92060242878020     
  -1.00000000000000       -3.07874141324523     
   1.00000000000000       -1.53687027277857     
  -1.00000000000000       0.519948923884604     
   1.00000000000000        1.28439231992938     
   1.00000000000000        1.99432402169327     
  -1.00000000000000        3.69077549682497     
  -1.00000000000000        3.78226148860159     
  -1.00000000000000        1.49036529712313     
   1.00000000000000       -1.98599234264260     
   1.00000000000000       -3.46691564982082     
  -1.00000000000000       -2.30975437619943     
   1.00000000000000       -1.40564022924041     
  -1.00000000000000       0.211027201705180     
  -1.00000000000000       0.801252362520448     
  -1.00000000000000      -0.630155922464377     
   1.00000000000000       -3.17318597287252     
  -1.00000000000000       -3.69683897732609     
   1.00000000000000       -3.60896603958011     
   1.00000000000000       -2.05009272522172     
  -1.00000000000000       0.876062639457885     
   1.00000000000000        1.97941429285515     
   1.00000000000000        2.85108514793022     
  -1.00000000000000        4.34978855950948     
  -1.00000000000000        3.88557620558182     
   1.00000000000000        1.29672037141504     
  -1.00000000000000      -0.322635099961821     
  -1.00000000000000       -1.95965278025764     
  -1.00000000000000       -4.29705074620761     
  -1.00000000000000       -6.72968415855582     
  -1.00000000000000       -8.55515796995837     
  -1.00000000000000       -9.39134925879713     
   1.00000000000000       -9.38949997978494     
   1.00000000000000       -7.06673208009757     
   1.00000000000000       -2.52897322334775     
  -1.00000000000000        2.70052828283614     
   1.00000000000000        5.22763071344227     
   1.00000000000000        6.32687157236091     
   1.00000000000000        7.28219497100770     
  -1.00000000000000        7.92623442775052     
   1.00000000000000        6.15891048268454     
   1.00000000000000        4.13040534862973     
  -1.00000000000000        3.45342017008264     
   1.00000000000000        1.75276260658279     
  -1.00000000000000       0.576165506299385     
  -1.00000000000000      -0.954647207006992     
   1.00000000000000       -3.34977138537307     
   1.00000000000000       -3.89467409241386     
   1.00000000000000       -2.03732481446038     
  -1.00000000000000        1.09957838447894     
   1.00000000000000        2.45466696201078     
   1.00000000000000        3.21008412443207     
   1.00000000000000        4.55049033345396     
  -1.00000000000000        6.21687857257095     
   1.00000000000000        5.56081250303192     
   1.00000000000000        4.50460419490851     
  -1.00000000000000        4.32930792880978     
   1.00000000000000        2.79860691543056     
   1.00000000000000        2.00386735955573     
  -1.00000000000000        2.72002215052048     
  -1.00000000000000        2.19164223502572     
   1.00000000000000      -0.237700521048387     
   1.00000000000000       -1.37691604351159     
  -1.00000000000000      -0.293830264305933     
  -1.00000000000000      -1.242426207604606E-002
   1.00000000000000       -1.41666184332162     
   1.00000000000000       -1.74172665843823     
   1.00000000000000      -0.235766860014035     
   1.00000000000000        2.52479912289335     
  -1.00000000000000        5.60865961105770     
   1.00000000000000        6.22932165609256     
  -1.00000000000000        5.99571387568777     
   1.00000000000000        4.33746224338649     
  -1.00000000000000        2.99140921445639     
   1.00000000000000        1.04028635310131     
  -1.00000000000000       5.644969169551355E-002
  -1.00000000000000       -1.03668863988312     
   1.00000000000000       -3.08080429793086     
  -1.00000000000000       -3.39679846209298     
  -1.00000000000000       -3.62430450964931     
   1.00000000000000       -4.56708139715774     
   1.00000000000000       -3.81227460894972     
   1.00000000000000      -0.886512324564041     
   1.00000000000000        2.96706445911834     
   1.00000000000000        6.59097374405593     
  -1.00000000000000        9.20186040879613     
   1.00000000000000        8.58413637458684     
   1.00000000000000        6.94261565084632     
   1.00000000000000        5.86699627504547     
   1.00000000000000        5.29221574476050     
  -1.00000000000000        5.36770988309085     
  -1.00000000000000        3.96142001235331     
   1.00000000000000       0.713768138899621     
  -1.00000000000000       -1.22701017620906     
   1.00000000000000       -2.85764785649132     
   1.00000000000000       -2.96301934664312     
   1.00000000000000      -0.965273842359117     
  -1.00000000000000        2.32686541832551     
   1.00000000000000        3.83518679674487     
   1.00000000000000        4.69913161594731     
   1.00000000000000        5.82317176998218     
   1.00000000000000        6.87685919055245     
  -1.00000000000000        7.66906270218527     
  -1.00000000000000        6.25410179289864     
   1.00000000000000        2.45389214063344     
   1.00000000000000      -0.291150503997921     
  -1.00000000000000      -0.402858198675424     
  -1.00000000000000      -0.694276098534428     
  -1.00000000000000       -2.24706833933920     
   1.00000000000000       -4.34451468912200     
  -1.00000000000000       -4.21920041537064     
  -1.00000000000000       -3.61317777805710     
   1.00000000000000       -3.99326756938273     
   1.00000000000000       -3.15049239739438     
   1.00000000000000      -0.255425474456134     
  -1.00000000000000        3.40984344914307     
  -1.00000000000000        4.84602217091490     
  -1.00000000000000        3.58624894353559     
   1.00000000000000       0.671917933451514     
  -1.00000000000000      -0.893622277559630     
   1.00000000000000       -2.30704661083894     
   1.00000000000000       -2.27972747170351     
  -1.00000000000000      -0.278714173905123     
  -1.00000000000000       0.737084991174827     
  -1.00000000000000      -8.919166677535378E-002
  -1.00000000000000       -1.98102239912589     
  -1.00000000000000       -4.47645418947300     
   1.00000000000000       -6.88571480976466     
   1.00000000000000       -6.67310174203068     
  -1.00000000000000       -3.66681001845837     
   1.00000000000000       -1.28946841363486     
  -1.00000000000000       0.934735029538535     
  -1.00000000000000        1.67577405245883     
  -1.00000000000000       0.367973897245160     
   1.00000000000000       -2.07815670451867     
  -1.00000000000000       -2.84819663572467     
  -1.00000000000000       -3.23376839384135     
  -1.00000000000000       -4.30843935636618     
  -1.00000000000000       -5.62523295244977     
   1.00000000000000       -6.85983710138147     
   1.00000000000000       -5.70673060961902     
  -1.00000000000000       -2.00740027634254     
   1.00000000000000       0.699348248536146     
   1.00000000000000        2.95029449776362     
  -1.00000000000000        5.45760221951449     
   1.00000000000000        5.62776306321938     
  -1.00000000000000        5.05461198882042     
  -1.00000000000000        3.19928167953095     
   1.00000000000000      -0.227620841671082     
  -1.00000000000000       -2.33184336252546     
  -1.00000000000000       -4.15040521462847     
  -1.00000000000000       -6.23093213623790     
  -1.00000000000000       -7.82055100889012     
   1.00000000000000       -8.65136214745593     
   1.00000000000000       -6.95838516476323     
  -1.00000000000000       -2.92578761786968     
  -1.00000000000000       7.790936053470926E-002
   1.00000000000000       0.490389549776721     
   1.00000000000000        1.13279680536406     
  -1.00000000000000        2.84529739565982     
   1.00000000000000        2.83470622989666     
   1.00000000000000        2.60538437098902     
   1.00000000000000        3.31349246704362     
   1.00000000000000        4.55016400848154     
  -1.00000000000000        5.71618076598659     
   1.00000000000000        4.69667223094161     
  -1.00000000000000        3.63909802716329     
   1.00000000000000        1.87064740322240     
  -1.00000000000000       0.750281185381747     
  -1.00000000000000      -0.616144694021626     
   1.00000000000000       -2.93975752744212     
  -1.00000000000000       -3.58362804000376     
  -1.00000000000000       -3.85318686647202     
  -1.00000000000000       -4.85962953192637     
   1.00000000000000       -6.12281185497379     
   1.00000000000000       -5.28389848818965     
  -1.00000000000000       -2.12620019978318     
   1.00000000000000      -7.210508101728448E-002
   1.00000000000000        1.74592891677057     
  -1.00000000000000        4.18815920344553     
   1.00000000000000        4.77411334773065     
   1.00000000000000        4.82823217104338     
  -1.00000000000000        5.19372931228359     
   1.00000000000000        3.75643964521683     
  -1.00000000000000        2.47981343853033     
   1.00000000000000       0.512929669638000     
   1.00000000000000      -0.464925181724296     
  -1.00000000000000       0.421977745457392     
  -1.00000000000000       0.508182681194057     
  -1.00000000000000       -1.10388277403925     
   1.00000000000000       -3.56607891694669     
  -1.00000000000000       -4.10880890085656     
  -1.00000000000000       -4.30051330176038     
  -1.00000000000000       -5.04828774326389     
   1.00000000000000       -6.03405352666143     
   1.00000000000000       -5.07285377027927     
  -1.00000000000000       -1.79227946801058     
  -1.00000000000000       0.481686747861454     
   1.00000000000000       0.551651608469869     
   1.00000000000000       0.870868599302691     
   1.00000000000000        2.43768505952652     
  -1.00000000000000        4.64765202331893     
  -1.00000000000000        4.58215688885024     
   1.00000000000000        2.01032434751923     
  -1.00000000000000       0.347038949629742     
  -1.00000000000000       -1.45931391817773     
  -1.00000000000000       -4.10316768343435     
  -1.00000000000000       -6.81166680868566     
   1.00000000000000       -9.06172977421092     
   1.00000000000000       -8.51227056292587     
  -1.00000000000000       -5.05876767055567     
   1.00000000000000       -2.16548718329153     
  -1.00000000000000       0.804618579186677     
  -1.00000000000000        2.26884779926749     
   1.00000000000000        1.26064082068802     
  -1.00000000000000       0.942055685621730     
  -1.00000000000000       5.583621515077405E-002
  -1.00000000000000       -2.15464242821607     
   1.00000000000000       -4.71561567873037     
   1.00000000000000       -4.92089662791059     
  -1.00000000000000       -2.48877328142474     
  -1.00000000000000      -0.733136422491705     
   1.00000000000000      -0.711635101910807     
  -1.00000000000000      -5.860683306941503E-002
   1.00000000000000      -0.107055877101018     
  -1.00000000000000       0.386990195653015     
  -1.00000000000000       1.541966813105317E-002
  -1.00000000000000       -1.77295404437289     
  -1.00000000000000       -4.01572032479021     
   1.00000000000000       -6.05556490921070     
   1.00000000000000       -5.59587848099400     
   1.00000000000000       -2.71726898139102     
   1.00000000000000        1.32196602514501     
   1.00000000000000        5.58203175720209     
  -1.00000000000000        9.16164372390326     
  -1.00000000000000        9.47857492303952     
   1.00000000000000        6.26729378562091     
  -1.00000000000000        3.18240239357665     
  -1.00000000000000      -0.256811609822866     
  -1.00000000000000       -4.18222028630354     
  -1.00000000000000       -7.53583590313066     
   1.00000000000000       -9.64026843529447     
  -1.00000000000000       -8.51926079958674     
   1.00000000000000       -6.46017369742111     
  -1.00000000000000       -3.19808453914850     
  -1.00000000000000      -0.856908878773159     
  -1.00000000000000      -0.735850580252105     
  -1.00000000000000       -2.12919527756199     
   1.00000000000000       -4.26877278906040     
  -1.00000000000000       -4.54886460929828     
  -1.00000000000000       -4.25959180269145     
   1.00000000000000       -4.56060769712731     
   1.00000000000000       -3.51852361144290     
   1.00000000000000      -0.617778875102159     
  -1.00000000000000        3.13320648212703     
   1.00000000000000        4.76224757207929     
  -1.00000000000000        5.40148495161437     
   1.00000000000000        4.29886462036685     
  -1.00000000000000        3.22798524262940     
   1.00000000000000        1.50554196053035     
   1.00000000000000       0.682886668557569     
   1.00000000000000        1.54589512917133     
  -1.00000000000000        3.32337376158782     
  -1.00000000000000        3.38752374505784     
  -1.00000000000000        1.18276245759939     
   1.00000000000000       -2.14154818913545     
  -1.00000000000000       -3.50131928158787     
   1.00000000000000       -4.19573371438362     
  -1.00000000000000       -3.24015417102646     
  -1.00000000000000       -2.25413372056117     
  -1.00000000000000       -2.67155259792911     
  -1.00000000000000       -3.77658175750710     
  -1.00000000000000       -5.18802962257289     
   1.00000000000000       -6.68211705460352     
   1.00000000000000       -6.00208640193726     
   1.00000000000000       -3.03124016065150     
  -1.00000000000000        1.08115953316353     
  -1.00000000000000        3.16508094216523     
   1.00000000000000        2.55971755209304     
  -1.00000000000000        2.26006540889853     
  -1.00000000000000        1.07116910111991     
   1.00000000000000       -1.63552953522257     
  -1.00000000000000       -2.85217217150383     
   1.00000000000000       -3.68583501424665     
  -1.00000000000000       -2.92000015889774     
   1.00000000000000       -2.10328176318981     
  -1.00000000000000      -0.474134569493789     
  -1.00000000000000       0.318004711539252     
   1.00000000000000      -0.838585336811350     
  -1.00000000000000       -1.31646020839248     
  -1.00000000000000       -2.04038222272048     
   1.00000000000000       -3.70373644047468     
   1.00000000000000       -3.65387806303527     
  -1.00000000000000       -1.44970968449484     
   1.00000000000000      -0.141027476178609     
  -1.00000000000000        1.36234848154615     
  -1.00000000000000        1.49023294601196     
   1.00000000000000      -0.462693038150738     
   1.00000000000000       -1.14911721274918     
   1.00000000000000       0.225963658809668     
  -1.00000000000000        2.62401538082027     
   1.00000000000000        3.45383619960160     
   1.00000000000000        3.98837663380916     
   1.00000000000000        5.14119493289005     
  -1.00000000000000        6.49708571549144     
  -1.00000000000000        5.77159274170806     
  -1.00000000000000        2.73945040746236     
  -1.00000000000000       -1.43983571197138     
  -1.00000000000000       -5.65364204797050     
   1.00000000000000       -9.12160148404447     
  -1.00000000000000       -9.32654643657097     
   1.00000000000000       -8.06538491622961     
  -1.00000000000000       -5.16074839140454     
  -1.00000000000000       -2.76172497026597     
   1.00000000000000       -2.15443908249993     
  -1.00000000000000      -0.706149189512407     
   1.00000000000000       0.154854349722178     
  -1.00000000000000        1.22291941983842     
  -1.00000000000000        1.13580079937148     
   1.00000000000000      -0.758387048289784     
   1.00000000000000       -1.64720562245344     
  -1.00000000000000      -0.398188682947402     
  -1.00000000000000       0.293000242213086     
   1.00000000000000      -0.641745731636921     
  -1.00000000000000      -0.595772180281001     
  -1.00000000000000       -1.09418973193150     
  -1.00000000000000       -2.72127133374375     
  -1.00000000000000       -4.53433547383462     
   1.00000000000000       -6.22118081756686     
   1.00000000000000       -5.72490724404789     
  -1.00000000000000       -2.81257228260825     
   1.00000000000000      -0.747610597361370     
  -1.00000000000000        1.27068304883772     
   1.00000000000000        1.82917238806390     
  -1.00000000000000        2.53850767472620     
  -1.00000000000000        2.11589976610464     
   1.00000000000000      -0.130768338117592     
   1.00000000000000       -1.15087316759127     
   1.00000000000000      -9.473853897125199E-002
  -1.00000000000000        2.08030608623814     
   1.00000000000000        2.60292970860996     
   1.00000000000000        2.97677909600730     
  -1.00000000000000        4.23102325674742     
   1.00000000000000        3.77036569657061     
  -1.00000000000000        3.12550600078877     
   1.00000000000000        1.70517357408864     
   1.00000000000000        1.03997716216773     
  -1.00000000000000        1.84021677503353     
  -1.00000000000000        1.74320894385160     
   1.00000000000000      -0.185255922301609     
  -1.00000000000000       -1.00007005740823     
   1.00000000000000       -1.71597736393742     
   1.00000000000000       -1.34139139087329     
  -1.00000000000000       0.752104642966530     
   1.00000000000000        1.61851263103787     
   1.00000000000000        2.31686902674413     
  -1.00000000000000        3.76407822996180     
  -1.00000000000000        3.55807511853855     
   1.00000000000000        1.22154199014105     
  -1.00000000000000      -5.538104897411423E-002
   1.00000000000000       -1.22606551023202     
  -1.00000000000000       -1.24406548036954     
  -1.00000000000000       -1.58682491778978     
  -1.00000000000000       -3.03001619179243     
   1.00000000000000       -4.87153600605045     
  -1.00000000000000       -4.69358622037119     
  -1.00000000000000       -4.20747001457326     
  -1.00000000000000       -4.57233137162182     
  -1.00000000000000       -5.53251492188070     
  -1.00000000000000       -6.53631080686500     
   1.00000000000000       -7.26369247945616     
  -1.00000000000000       -5.69320080253124     
   1.00000000000000       -3.79600470976466     
  -1.00000000000000       -1.05996132318709     
  -1.00000000000000       0.650530235137130     
  -1.00000000000000       0.379613505536611     
  -1.00000000000000       -1.34650310034852     
   1.00000000000000       -3.81090929350328     
  -1.00000000000000       -4.12977823201591     
  -1.00000000000000       -3.81895750034108     
  -1.00000000000000       -4.02320982690941     
  -1.00000000000000       -4.80637904353466     
   1.00000000000000       -5.90212945738346     
  -1.00000000000000       -4.95488030835122     
  -1.00000000000000       -3.70316352401563     
   1.00000000000000       -3.46254222472430     
   1.00000000000000       -1.97981781605742     
  -1.00000000000000        1.01538740809349     
  -1.00000000000000        2.34350756939631     
   1.00000000000000        1.15336987672737     
  -1.00000000000000       0.628636683960515     
   1.00000000000000      -0.486525857684386     
  -1.00000000000000      -0.692202594387978     
   1.00000000000000       -1.18691558710139     
   1.00000000000000      -0.968981685456429     
  -1.00000000000000       0.778344518559554     
  -1.00000000000000        1.45701182715823     
   1.00000000000000       0.224320560712740     
   1.00000000000000      -0.189307794967915     
   1.00000000000000        1.05094970440683     
   1.00000000000000        3.13326661911714     
  -1.00000000000000        5.31684984180682     
   1.00000000000000        5.19660558176109     
   1.00000000000000        4.42400006647645     
   1.00000000000000        4.64593866424155     
   1.00000000000000        5.52255483433939     
  -1.00000000000000        6.65840554553932     
   1.00000000000000        5.73262266526241     
  -1.00000000000000        4.45263637609234     
  -1.00000000000000        2.22675653587821     
   1.00000000000000       -1.09843411574173     
  -1.00000000000000       -2.62268830647627     
  -1.00000000000000       -3.71874942565544     
  -1.00000000000000       -5.28555898061428     
  -1.00000000000000       -6.80363223945060     
  -1.00000000000000       -7.94095541503796     
   1.00000000000000       -8.57915764193173     
  -1.00000000000000       -6.69396166653911     
  -1.00000000000000       -4.38157658565477     
   1.00000000000000       -3.15553768200630     
  -1.00000000000000       -1.05841827646057     
   1.00000000000000       0.172688548239884     
   1.00000000000000        1.57580445422226     
   1.00000000000000        3.84513261243422     
   1.00000000000000        6.11287138651373     
  -1.00000000000000        7.90923171050144     
   1.00000000000000        7.11524134541803     
  -1.00000000000000        5.81767673176408     
  -1.00000000000000        3.32500954693992     
   1.00000000000000      -0.493059724333980     
   1.00000000000000       -2.41687587072411     
  -1.00000000000000       -1.77377672434682     
   1.00000000000000       -1.33026355450216     
   1.00000000000000      -0.249625322426956     
   1.00000000000000        2.02087394314585     
  -1.00000000000000        4.77123109190791     
  -1.00000000000000        5.23818149519269     
   1.00000000000000        2.94868604396837     
   1.00000000000000        1.25566292454398     
   1.00000000000000        1.42259925122026     
   1.00000000000000        2.94713420086700     
   1.00000000000000        5.10392333268030     
   1.00000000000000        7.13031445577809     
  -1.00000000000000        8.62046852192147     
  -1.00000000000000        7.56786792931128     
   1.00000000000000        3.89678217271010     
  -1.00000000000000        1.03787739493057     
   1.00000000000000       -1.69024171056927     
   1.00000000000000       -2.76022866455740     
   1.00000000000000       -1.52085053317551     
   1.00000000000000       0.942754606906666     
  -1.00000000000000        3.95455473617874     
   1.00000000000000        4.82972451510428     
   1.00000000000000        5.08599935561707     
   1.00000000000000        5.82111327026564     
  -1.00000000000000        6.62014826011783     
  -1.00000000000000        5.26850627052074     
   1.00000000000000        1.72677639446093     
   1.00000000000000      -0.564153177192688     
   1.00000000000000      -0.622023142994451     
  -1.00000000000000       0.861385462898784     
  -1.00000000000000        1.32390762794659     
   1.00000000000000      -0.105368043361897     
  -1.00000000000000      -0.470991898833049     
   1.00000000000000       -1.00162523474593     
   1.00000000000000      -0.630790959188927     
  -1.00000000000000        1.24195699001669     
  -1.00000000000000        1.68587150140638     
   1.00000000000000       0.162732833037904     
  -1.00000000000000      -0.374734452165051     
   1.00000000000000       -1.22004522711032     
  -1.00000000000000       -1.19890191688727     
  -1.00000000000000       -1.37465114819688     
  -1.00000000000000       -2.54155419728537     
   1.00000000000000       -4.50521515001182     
   1.00000000000000       -4.67560643471095     
  -1.00000000000000       -2.41530747989860     
  -1.00000000000000      -0.768706578259571     
  -1.00000000000000      -0.793887521850739     
  -1.00000000000000       -2.18912539611235     
  -1.00000000000000       -4.36237486460156     
   1.00000000000000       -6.74298669011389     
  -1.00000000000000       -6.56071931044826     
   1.00000000000000       -5.46729898260863     
   1.00000000000000       -3.14588898668634     
  -1.00000000000000       0.430561776423379     
   1.00000000000000        2.17565271805541     
   1.00000000000000        3.31640851475852     
   1.00000000000000        4.83647151664624     
  -1.00000000000000        6.25014761504746     
  -1.00000000000000        5.19930051474992     
   1.00000000000000        1.62745432079616     
   1.00000000000000      -0.730429761666521     
  -1.00000000000000      -0.599050417791612     
  -1.00000000000000      -0.711330878869853     
   1.00000000000000       -2.12634322211839     
   1.00000000000000       -2.22325215740272     
   1.00000000000000      -0.279963305720261     
   1.00000000000000        2.67122441701001     
   1.00000000000000        5.61874897977950     
  -1.00000000000000        8.25388664871787     
  -1.00000000000000        8.19827252690862     
   1.00000000000000        5.20097746167879     
   1.00000000000000        2.62676819958623     
  -1.00000000000000        1.57842335413971     
  -1.00000000000000      -5.818603350206392E-002
  -1.00000000000000       -2.45627495996054     
   1.00000000000000       -4.93973067613172     
  -1.00000000000000       -5.06976467842583     
   1.00000000000000       -4.68129070003957     
  -1.00000000000000       -2.95080513635506     
  -1.00000000000000       -1.87163071285130     
  -1.00000000000000       -2.50754100514125     
  -1.00000000000000       -4.07450718761900     
   1.00000000000000       -5.88798562303174     
  -1.00000000000000       -5.47717680381250     
   1.00000000000000       -4.71682873917867     
  -1.00000000000000       -2.99462702522695     
  -1.00000000000000       -1.79447843608361     
  -1.00000000000000       -2.14541250555889     
   1.00000000000000       -3.53820598785401     
   1.00000000000000       -3.39060628645713     
  -1.00000000000000       -1.29451763824453     
   1.00000000000000      -0.208476230234239     
   1.00000000000000        1.02747665548930     
   1.00000000000000        3.17325511660846     
  -1.00000000000000        5.51216377223265     
  -1.00000000000000        5.54495005501384     
  -1.00000000000000        3.02288011616524     
  -1.00000000000000      -0.918808944727495     
  -1.00000000000000       -4.91527770757659     
  -1.00000000000000       -8.15847676163061     
   1.00000000000000       -10.2635558098710     
  -1.00000000000000       -9.08691679923220     
   1.00000000000000       -6.89822091285998     
   1.00000000000000       -3.30315321500693     
   1.00000000000000        1.43329356285144     
  -1.00000000000000        5.80247084315900     
   1.00000000000000        6.93946994186085     
   1.00000000000000        6.82919979043060     
   1.00000000000000        6.94741999388611     
   1.00000000000000        7.12703133625354     
   1.00000000000000        7.37157230674756     
   1.00000000000000        7.74183471387764     
   1.00000000000000        8.26146214428690     
   1.00000000000000        8.52916708216864     
   1.00000000000000        8.31988221509601     
  -1.00000000000000        7.85357061705253     
  -1.00000000000000        5.47863184913327     
  -1.00000000000000        1.47553169966500     
   1.00000000000000       -2.86459835294176     
  -1.00000000000000       -4.63693298025712     
   1.00000000000000       -5.17541091008481     
   1.00000000000000       -3.87209491544428     
   1.00000000000000      -0.642667954688746     
   1.00000000000000        3.25927498210554     
   1.00000000000000        7.00230951436756     
   1.00000000000000        9.94972062529631     
  -1.00000000000000        11.6115406010750     
  -1.00000000000000        9.67453444234265     
   1.00000000000000        4.61670486314367     
  -1.00000000000000       0.513611496704679     
   1.00000000000000       -3.01169795300165     
  -1.00000000000000       -4.43092731080803     
  -1.00000000000000       -4.91870965902508     
  -1.00000000000000       -5.56219327703673     
  -1.00000000000000       -6.34599987878297     
   1.00000000000000       -7.15539446848077     
  -1.00000000000000       -5.90098980245118     
   1.00000000000000       -4.46712442631929     
  -1.00000000000000       -2.06292299761879     
  -1.00000000000000      -0.305310142078533     
  -1.00000000000000      -0.292796723516543     
  -1.00000000000000       -1.59696215882934     
   1.00000000000000       -3.63651551011511     
  -1.00000000000000       -3.72460590498717     
   1.00000000000000       -3.42532646526335     
   1.00000000000000       -2.06757614274056     
   1.00000000000000       0.426974929576303     
  -1.00000000000000        3.37601236975490     
   1.00000000000000        4.32124341288144     
  -1.00000000000000        4.68833087982893     
  -1.00000000000000        3.42622504421249     
   1.00000000000000       0.316695227178311     
  -1.00000000000000       -1.41454355214264     
   1.00000000000000       -2.95008513182756     
   1.00000000000000       -3.18743407944765     
   1.00000000000000      -0.958714208591027     
  -1.00000000000000        2.68565755200000     
   1.00000000000000        4.13548046199150     
   1.00000000000000        4.59284348909748     
  -1.00000000000000        5.59427242755623     
  -1.00000000000000        4.75765770006258     
  -1.00000000000000        1.61150596318723     
   1.00000000000000       -2.44949369384253     
   1.00000000000000       -4.19250652250289     
  -1.00000000000000       -2.68535365352401     
  -1.00000000000000       -1.48409359189032     
  -1.00000000000000       -1.82742482629576     
  -1.00000000000000       -3.11559526137422     
  -1.00000000000000       -4.92664018181165     
   1.00000000000000       -6.62271793454825     
   1.00000000000000       -6.02522486619284     
   1.00000000000000       -2.90784509805155     
  -1.00000000000000        1.22905918964563     
  -1.00000000000000        3.31190850092622     
  -1.00000000000000        2.59773186565675     
  -1.00000000000000      -4.437748149729113E-002
  -1.00000000000000       -3.66162276104708     
  -1.00000000000000       -6.92164860081058     
   1.00000000000000       -9.25191828788672     
  -1.00000000000000       -8.49257803601217     
  -1.00000000000000       -6.59600239449223     
   1.00000000000000       -5.45150160298794     
   1.00000000000000       -2.88221563539733     
   1.00000000000000        1.13763901537615     
  -1.00000000000000        5.21695064760365     
   1.00000000000000        6.52563463802534     
   1.00000000000000        6.65003638927123     
   1.00000000000000        6.83612474467263     
  -1.00000000000000        6.81469178368095     
  -1.00000000000000        4.67178619441793     
  -1.00000000000000       0.877875734363829     
  -1.00000000000000       -3.36246280830690     
   1.00000000000000       -7.20155691976998     
   1.00000000000000       -8.00470758371867     
  -1.00000000000000       -5.30411667522838     
  -1.00000000000000       -2.76479850535922     
  -1.00000000000000       -1.95460866254133     
   1.00000000000000       -2.50023016907304     
  -1.00000000000000       -2.05648763806985     
  -1.00000000000000       -1.85963951451782     
   1.00000000000000       -2.76440031591571     
  -1.00000000000000       -2.21261878255822     
   1.00000000000000       -1.98432826791242     
   1.00000000000000       -1.04464422634102     
  -1.00000000000000        1.37750736623942     
  -1.00000000000000        2.18330901896800     
   1.00000000000000       0.711645328409796     
  -1.00000000000000       4.536734208212508E-002
   1.00000000000000      -0.907127531323753     
  -1.00000000000000      -0.927036980418085     
   1.00000000000000       -1.30012924468817     
   1.00000000000000      -0.823122804608463     
  -1.00000000000000        1.27177616445367     
  -1.00000000000000        1.86031710515546     
  -1.00000000000000       0.311047885818289     
  -1.00000000000000       -2.41585443687789     
  -1.00000000000000       -5.45235036365005     
   1.00000000000000       -8.02005345170451     
   1.00000000000000       -7.76306109695748     
  -1.00000000000000       -4.56629683024555     
  -1.00000000000000       -1.83830228477872     
   1.00000000000000      -0.923055351539668     
   1.00000000000000       0.521333305964124     
   1.00000000000000        2.96980103617263     
   1.00000000000000        5.64412771061096     
   1.00000000000000        7.90825594901316     
  -1.00000000000000        9.33476256386545     
  -1.00000000000000        7.93628729834936     
  -1.00000000000000        3.82571702999694     
   1.00000000000000       -1.43891832532634     
  -1.00000000000000       -4.42758598039874     
   1.00000000000000       -6.13202295528134     
   1.00000000000000       -5.53886596270214     
  -1.00000000000000       -2.42946120107287     
  -1.00000000000000      -0.236399480416191     
  -1.00000000000000      -0.154742302247076     
  -1.00000000000000       -1.52612962864650     
  -1.00000000000000       -3.64870875059934     
  -1.00000000000000       -5.99590632424715     
  -1.00000000000000       -7.84330369925467     
   1.00000000000000       -8.61432086385699     
  -1.00000000000000       -6.65105963674607     
   1.00000000000000       -4.53279766217814     
   1.00000000000000       -1.87684069337803     
  -1.00000000000000        1.50126690204028     
  -1.00000000000000        2.87330774308531     
   1.00000000000000        1.71627010369559     
   1.00000000000000        1.19257176372579     
   1.00000000000000        2.06252185083267     
   1.00000000000000        3.78790004819037     
   1.00000000000000        5.79221251699761     
   1.00000000000000        7.37427711358157     
   1.00000000000000        8.49133804054678     
  -1.00000000000000        9.09804484210462     
  -1.00000000000000        7.21912561575698     
  -1.00000000000000        3.00583431413978     
   1.00000000000000       -2.06913068996797     
   1.00000000000000       -4.55898108907174     
  -1.00000000000000       -3.91081648300146     
   1.00000000000000       -3.34841899784531     
  -1.00000000000000       -1.88017413597374     
  -1.00000000000000       -1.11912915236857     
   1.00000000000000       -1.97054917951604     
  -1.00000000000000       -1.71889215642201     
  -1.00000000000000       -1.68794452815979     
   1.00000000000000       -2.74183869104384     
  -1.00000000000000       -2.49619066023294     
  -1.00000000000000       -2.17524492958486     
   1.00000000000000       -2.96614799197950     
   1.00000000000000       -2.60262904118063     
   1.00000000000000      -0.432373205297684     
   1.00000000000000        2.59893657434343     
   1.00000000000000        5.79106374530488     
   1.00000000000000        8.47980437742636     
   1.00000000000000        9.99604845398045     
  -1.00000000000000        10.5335447522899     
  -1.00000000000000        8.33439299285442     
  -1.00000000000000        3.56976179888803     
  -1.00000000000000       -2.13750255323486     
   1.00000000000000       -7.48014855164151     
   1.00000000000000       -9.43242020909142     
   1.00000000000000       -7.54777820974977     
   1.00000000000000       -3.37928779656146     
   1.00000000000000        1.73992414832335     
   1.00000000000000        6.56214455670829     
   1.00000000000000        10.4881706482052     
   1.00000000000000        12.8279971986923     
   1.00000000000000        13.4744665344862     
  -1.00000000000000        12.9339889556439     
  -1.00000000000000        9.77031737181098     
   1.00000000000000        4.10220675295376     
  -1.00000000000000      -0.264318311461239     
   1.00000000000000       -3.67397101811564     
   1.00000000000000       -4.87750394000296     
  -1.00000000000000       -3.24269864026391     
   1.00000000000000       -1.97569775041987     
  -1.00000000000000      -0.199488021439174     
  -1.00000000000000       0.735909410227330     
   1.00000000000000      -0.239926400905520     
  -1.00000000000000      -0.225477576538749     
  -1.00000000000000      -0.612321604779976     
  -1.00000000000000       -2.34442841233568     
   1.00000000000000       -4.62433592826587     
  -1.00000000000000       -4.83727935560800     
   1.00000000000000       -4.60937605291172     
   1.00000000000000       -2.86735899599601     
   1.00000000000000       0.521849963722357     
   1.00000000000000        4.04262879259065     
   1.00000000000000        6.99050250955785     
  -1.00000000000000        8.96740424480053     
  -1.00000000000000        7.97315685361278     
  -1.00000000000000        4.18396789063481     
  -1.00000000000000      -0.686639962420269     
   1.00000000000000       -5.27938396234987     
  -1.00000000000000       -6.81402536415578     
  -1.00000000000000       -7.01273759641166     
  -1.00000000000000       -7.41022748698135     
  -1.00000000000000       -7.64270412743635     
  -1.00000000000000       -7.77583165138549     
  -1.00000000000000       -7.82037925420469     
  -1.00000000000000       -7.49025050903249     
   1.00000000000000       -7.18406940151035     
   1.00000000000000       -5.17854174277344     
  -1.00000000000000       -1.32604063752068     
   1.00000000000000        1.18581172437381     
  -1.00000000000000        3.10032527469779     
  -1.00000000000000        3.23687563303036     
  -1.00000000000000        1.09737703173050     
  -1.00000000000000       -2.08937777108050     
  -1.00000000000000       -5.44484310960013     
  -1.00000000000000       -8.19808597703837     
  -1.00000000000000       -9.87989505603164     
   1.00000000000000       -10.6971718872005     
   1.00000000000000       -8.70318363113498     
  -1.00000000000000       -3.96907820494579     
   1.00000000000000      -0.368167039687178     
   1.00000000000000        2.86613918510406     
  -1.00000000000000        6.12535427789585     
   1.00000000000000        6.68689288384286     
   1.00000000000000        6.09575750851033     
  -1.00000000000000        5.79085155085513     
   1.00000000000000        3.66491675104470     
   1.00000000000000        1.73058949369959     
   1.00000000000000        1.61203758950240     
   1.00000000000000        2.83297172682258     
   1.00000000000000        4.75551024317033     
  -1.00000000000000        6.84399012026072     
  -1.00000000000000        6.45803831483625     
  -1.00000000000000        3.39206860426158     
  -1.00000000000000      -0.776965954008294     
   1.00000000000000       -5.05414283778423     
   1.00000000000000       -6.62613720518933     
   1.00000000000000       -4.92408080898275     
  -1.00000000000000       -1.42474063836356     
  -1.00000000000000       0.553391379518528     
   1.00000000000000       0.147469807606883     
   1.00000000000000       0.191144667296645     
   1.00000000000000        1.63833892796906     
   1.00000000000000        3.88416171602029     
  -1.00000000000000        6.24621140014545     
   1.00000000000000        5.85490274969366     
   1.00000000000000        4.72453970860961     
   1.00000000000000        4.78581902475039     
   1.00000000000000        5.40703151671615     
   1.00000000000000        6.13985413917951     
   1.00000000000000        6.89653277455302     
   1.00000000000000        7.39160449399512     
   1.00000000000000        7.70677522699464     
  -1.00000000000000        7.82508625194402     
  -1.00000000000000        5.61116985052573     
   1.00000000000000        1.29451456456347     
   1.00000000000000       -1.71740893909793     
   1.00000000000000       -2.18475461285442     
   1.00000000000000      -0.466705888533417     
  -1.00000000000000        2.41476536146250     
   1.00000000000000        3.35355931429950     
  -1.00000000000000        3.67788480980643     
  -1.00000000000000        2.64353556877778     
  -1.00000000000000       8.612652124850462E-003
   1.00000000000000       -3.35604084807967     
   1.00000000000000       -4.55883872171727     
   1.00000000000000       -3.06308603136181     
  -1.00000000000000       0.137139212869132     
  -1.00000000000000        1.98218119321672     
   1.00000000000000        1.42426841150608     
   1.00000000000000        1.26904437907020     
   1.00000000000000        2.62009686285610     
  -1.00000000000000        4.56324621926453     
  -1.00000000000000        4.22329143043047     
   1.00000000000000        1.35383168462400     
   1.00000000000000      -0.597660442136670     
  -1.00000000000000      -0.517554753446764     
  -1.00000000000000      -0.965654391583410     
  -1.00000000000000       -2.60240224020470     
   1.00000000000000       -5.11062291950446     
  -1.00000000000000       -5.69258990898180     
  -1.00000000000000       -5.51870165569048     
  -1.00000000000000       -5.64610455035954     
  -1.00000000000000       -6.01725518494465     
   1.00000000000000       -6.59317562936951     
   1.00000000000000       -5.26646121685656     
   1.00000000000000       -1.91672074571937     
   1.00000000000000        2.28418306318776     
  -1.00000000000000        6.43164659304554     
   1.00000000000000        7.81312108879401     
   1.00000000000000        7.92023533323593     
   1.00000000000000        8.07729961869805     
  -1.00000000000000        8.36585695443774     
  -1.00000000000000        6.67507899870028     
  -1.00000000000000        2.58169267762066     
  -1.00000000000000       -2.31701540697131     
  -1.00000000000000       -6.64667634221038     
  -1.00000000000000       -9.60215239178681     
   1.00000000000000       -10.9879508682384     
   1.00000000000000       -9.22461129299401     
   1.00000000000000       -4.56640596057114     
   1.00000000000000        1.26662676781913     
  -1.00000000000000        6.52733352988167     
  -1.00000000000000        8.22794653058764     
   1.00000000000000        6.09259752786017     
  -1.00000000000000        4.00158777948013     
   1.00000000000000        1.30927881147238     
  -1.00000000000000      -0.401262965783586     
  -1.00000000000000       -2.15049345775801     
   1.00000000000000       -4.38139806586774     
   1.00000000000000       -4.44589152990080     
  -1.00000000000000       -1.98166887133964     
  -1.00000000000000      -0.283626632335038     
   1.00000000000000      -0.625085752964006     
  -1.00000000000000      -0.392775615418581     
   1.00000000000000      -0.767426500474101     
  -1.00000000000000      -0.364000719833944     
   1.00000000000000      -0.348689011030041     
   1.00000000000000       0.212623054433174     
   1.00000000000000        1.75552112777934     
  -1.00000000000000        3.77093465315184     
  -1.00000000000000        3.96839808192670     
   1.00000000000000        1.89804752640235     
  -1.00000000000000       0.927420683721015     
   1.00000000000000      -0.246622209467255     
  -1.00000000000000      -0.605521672687191     
  -1.00000000000000       -1.35525701017711     
  -1.00000000000000       -3.19643492493312     
  -1.00000000000000       -5.23519364271073     
  -1.00000000000000       -7.06094507171549     
  -1.00000000000000       -8.42612469820710     
   1.00000000000000       -9.17359991643334     
  -1.00000000000000       -7.32481300029716     
   1.00000000000000       -5.06376634773645     
  -1.00000000000000       -2.01141922766665     
   1.00000000000000      -0.233406609183806     
  -1.00000000000000        1.40102141371512     
   1.00000000000000        1.79640334590243     
   1.00000000000000        2.03840746450703     
  -1.00000000000000        3.02322248673422     
  -1.00000000000000        2.46152376240552     
   1.00000000000000      -0.117860252343792     
   1.00000000000000       -1.51718541416051     
  -1.00000000000000      -0.747419004452318     
  -1.00000000000000      -0.469192894280887     
   1.00000000000000       -1.56784708955001     
  -1.00000000000000       -1.61490669799701     
   1.00000000000000       -1.79835590023596     
   1.00000000000000      -0.953767392983213     
   1.00000000000000        1.33552388677242     
   1.00000000000000        4.14536615988497     
  -1.00000000000000        6.70053790584757     
   1.00000000000000        6.57638808448040     
  -1.00000000000000        5.82807794440127     
  -1.00000000000000        3.61602097279740     
   1.00000000000000      -0.186400339492666     
  -1.00000000000000       -2.45275850654951     
   1.00000000000000       -4.16270911146415     
  -1.00000000000000       -4.01854613561426     
   1.00000000000000       -3.47095614250366     
  -1.00000000000000       -2.01675299883534     
  -1.00000000000000       -1.17914917520825     
   1.00000000000000       -1.86884001178959     
  -1.00000000000000       -1.39406445933469     
   1.00000000000000       -1.12156307629026     
  -1.00000000000000      -0.105259995559051     
   1.00000000000000       0.136991940646699     
  -1.00000000000000       0.695358488057808     
   1.00000000000000       0.332966534924545     
   1.00000000000000       0.515591995732523     
  -1.00000000000000        2.09725017946306     
   1.00000000000000        2.14553134955482     
  -1.00000000000000        2.08843263425525     
   1.00000000000000       0.891730906453743     
   1.00000000000000       0.176473801382043     
  -1.00000000000000        1.04579591279155     
  -1.00000000000000        1.02562665768128     
   1.00000000000000      -0.631271478957391     
   1.00000000000000       -1.15457356966101     
   1.00000000000000       0.338056496030296     
  -1.00000000000000        2.85776324125368     
   1.00000000000000        3.45793987397443     
  -1.00000000000000        3.67192539655279     
  -1.00000000000000        2.69593414505885     
  -1.00000000000000       0.218573881672787     
  -1.00000000000000       -3.09643894807541     
  -1.00000000000000       -6.38438250672040     
  -1.00000000000000       -8.89576274499811     
  -1.00000000000000       -10.4262647836886     
   1.00000000000000       -10.7364667012279     
  -1.00000000000000       -8.10542493155355     
   1.00000000000000       -4.98825997272326     
  -1.00000000000000       -1.33805136505633     
   1.00000000000000       0.969949381128212     
  -1.00000000000000        3.00046212292611     
  -1.00000000000000        3.34021712277112     
  -1.00000000000000        1.35043857118817     
   1.00000000000000       -1.92933587443501     
   1.00000000000000       -3.27046584852327     
  -1.00000000000000       -1.99397233943199     
   1.00000000000000       -1.25971948944705     
  -1.00000000000000      -1.632178392145100E-002
  -1.00000000000000       0.495204005915635     
  -1.00000000000000      -0.856550872462633     
   1.00000000000000       -3.36073118224641     
   1.00000000000000       -3.82325329002156     
  -1.00000000000000       -1.67670281301951     
   1.00000000000000      -0.155306936734468     
  -1.00000000000000        1.80143248350398     
  -1.00000000000000        2.71634759011074     
   1.00000000000000        1.42664753223162     
  -1.00000000000000       0.700380734935539     
  -1.00000000000000      -0.550119114401166     
  -1.00000000000000       -2.91948337651184     
   1.00000000000000       -5.51640697603842     
  -1.00000000000000       -5.81810352942633     
   1.00000000000000       -5.63049075551088     
   1.00000000000000       -3.84859477039415     
  -1.00000000000000      -0.259086078930452     
  -1.00000000000000        1.78761989336792     
   1.00000000000000        1.45617153161414     
   1.00000000000000        1.54681188091682     
  -1.00000000000000        2.77128845109495     
  -1.00000000000000        2.52942468120906     
   1.00000000000000       0.151141045918821     
  -1.00000000000000       -1.21805217143695     
   1.00000000000000       -2.49253401495595     
  -1.00000000000000       -2.49799398186347     
  -1.00000000000000       -2.78942656247704     
  -1.00000000000000       -4.01495874469797     
  -1.00000000000000       -5.39193681476156     
  -1.00000000000000       -6.70852967701010     
  -1.00000000000000       -7.83461371626777     
  -1.00000000000000       -8.70126404800033     
  -1.00000000000000       -9.24184005349434     
   1.00000000000000       -9.28389788821005     
   1.00000000000000       -6.96546867754634     
   1.00000000000000       -2.44465093840871     
  -1.00000000000000        2.49964112852724     
  -1.00000000000000        4.89210989317216     
  -1.00000000000000        4.03395134119565     
  -1.00000000000000        1.00986239962240     
   1.00000000000000       -3.04419104664335     
   1.00000000000000       -4.84605348591139     
  -1.00000000000000       -3.49181585334422     
   1.00000000000000       -2.34492928110092     
  -1.00000000000000      -0.493869499005674     
  -1.00000000000000       0.297687699348513     
  -1.00000000000000      -0.654685215709170     
   1.00000000000000       -2.83577502781769     
   1.00000000000000       -3.51922108254320     
  -1.00000000000000       -1.98857244401879     
   1.00000000000000       -1.02975169520963     
  -1.00000000000000       0.589451470641829     
   1.00000000000000        1.27198316137749     
   1.00000000000000        2.06898285519800     
  -1.00000000000000        3.68403415013521     
  -1.00000000000000        3.73447122202895     
   1.00000000000000        1.65842318522477     
  -1.00000000000000       0.285802754605338     
  -1.00000000000000       -1.41057003710928     
  -1.00000000000000       -3.91703017551095     
   1.00000000000000       -6.37886364962665     
   1.00000000000000       -6.22929950111565     
  -1.00000000000000       -3.29823903461916     
   1.00000000000000       -1.04745189375546     
   1.00000000000000        1.35668741770036     
  -1.00000000000000        4.30158219244416     
   1.00000000000000        4.95676799227986     
  -1.00000000000000        4.96525171434944     
   1.00000000000000        3.45908555613232     
   1.00000000000000        2.30457603533205     
  -1.00000000000000        2.79485945502452     
   1.00000000000000        2.14061416028105     
   1.00000000000000        1.75207710806724     
  -1.00000000000000        2.72932336831452     
   1.00000000000000        2.36178961022408     
  -1.00000000000000        2.04142591350259     
  -1.00000000000000       0.960533990699964     
  -1.00000000000000       -1.45359603098172     
   1.00000000000000       -4.20921885346726     
   1.00000000000000       -4.65591302411367     
  -1.00000000000000       -2.60492490965287     
   1.00000000000000       -1.12885967029643     
   1.00000000000000       0.743760854326086     
  -1.00000000000000        3.65363487426387     
  -1.00000000000000        4.74649319736557     
  -1.00000000000000        3.22370060363684     
   1.00000000000000       0.141533216262674     
  -1.00000000000000       -1.57851263576114     
  -1.00000000000000       -2.95902851950791     
  -1.00000000000000       -5.00468154020413     
  -1.00000000000000       -7.22310258527741     
  -1.00000000000000       -8.89305845740866     
   1.00000000000000       -9.69892094196540     
  -1.00000000000000       -7.74990067710091     
  -1.00000000000000       -5.33005340116708     
  -1.00000000000000       -4.19514201982614     
   1.00000000000000       -4.22698827546805     
  -1.00000000000000       -3.03912740564919     
  -1.00000000000000       -1.99691475697424     
  -1.00000000000000       -2.29100411441279     
   1.00000000000000       -3.47970067397872     
  -1.00000000000000       -3.01656637664078     
  -1.00000000000000       -2.56503617817840     
  -1.00000000000000       -3.31846244629772     
   1.00000000000000       -4.70560294535550     
  -1.00000000000000       -4.35459406227421     
  -1.00000000000000       -3.80530909695719     
   1.00000000000000       -4.40156507825392     
  -1.00000000000000       -3.65614645156671     
  -1.00000000000000       -2.94353061447094     
  -1.00000000000000       -3.09724140265327     
  -1.00000000000000       -3.88639730696959     
  -1.00000000000000       -5.15275553328602     
  -1.00000000000000       -6.65454186946633     
   1.00000000000000       -8.12646072114119     
   1.00000000000000       -7.10799555055827     
   1.00000000000000       -3.40680699291803     
   1.00000000000000        1.36823527576822     
   1.00000000000000        6.06730174192558     
   1.00000000000000        9.73389969417878     
   1.00000000000000        11.8035885595622     
   1.00000000000000        12.4638931187731     
   1.00000000000000        12.1805115490331     
  -1.00000000000000        11.1071015186282     
   1.00000000000000        7.55817363616393     
   1.00000000000000        3.90710715040579     
   1.00000000000000        2.12448727120900     
  -1.00000000000000        2.12429384881905     
  -1.00000000000000        1.26162169816087     
   1.00000000000000      -0.996157430023695     
   1.00000000000000       -1.74945850554430     
   1.00000000000000      -0.423004948991183     
   1.00000000000000        2.28313419507869     
   1.00000000000000        5.58434987051722     
   1.00000000000000        8.50157797036183     
  -1.00000000000000        10.3784305524791     
   1.00000000000000        9.09118254647793     
   1.00000000000000        6.92626855559139     
  -1.00000000000000        5.63642288346554     
  -1.00000000000000        2.96829687913171     
  -1.00000000000000       -1.08729953527849     
  -1.00000000000000       -5.11096088222881     
  -1.00000000000000       -8.14727787469258     
   1.00000000000000       -9.95828348145863     
   1.00000000000000       -8.70895821446271     
   1.00000000000000       -4.62157351035786     
   1.00000000000000       0.577101766097273     
  -1.00000000000000        5.62540724124242     
   1.00000000000000        7.63815461039581     
  -1.00000000000000        8.11527630136577     
   1.00000000000000        6.33099915837580     
  -1.00000000000000        4.24376982343204     
   1.00000000000000        1.42003062674184     
  -1.00000000000000      -0.385883207476349     
   1.00000000000000       -2.18155878739379     
   1.00000000000000       -2.62400559093443     
   1.00000000000000       -1.00260875681972     
   1.00000000000000        1.76479215071909     
   1.00000000000000        4.83685713154053     
   1.00000000000000        7.48410295431145     
  -1.00000000000000        9.32291348183536     
   1.00000000000000        8.24585195985874     
   1.00000000000000        6.27835832170923     
  -1.00000000000000        5.00666834354661     
  -1.00000000000000        2.66297793296047     
  -1.00000000000000      -0.899708436074848     
  -1.00000000000000       -4.66305442008964     
   1.00000000000000       -7.82616022159005     
  -1.00000000000000       -7.96417826115416     
  -1.00000000000000       -6.97488400663072     
  -1.00000000000000       -6.48220360685898     
  -1.00000000000000       -6.51114330318546     
  -1.00000000000000       -7.01767588823912     
  -1.00000000000000       -7.49481420784611     
   1.00000000000000       -7.82320132649428     
  -1.00000000000000       -6.03084095563881     
  -1.00000000000000       -4.16012400993946     
  -1.00000000000000       -3.57455235217134     
   1.00000000000000       -3.79568666758634     
  -1.00000000000000       -2.53269488707689     
   1.00000000000000       -1.68888711399412     
  -1.00000000000000      -0.318285542076694     
   1.00000000000000       0.434870739984570     
   1.00000000000000        1.52738294930651     
   1.00000000000000        3.53365499752752     
  -1.00000000000000        5.71412722035366     
   1.00000000000000        5.45455469941068     
   1.00000000000000        4.44089249852181     
  -1.00000000000000        4.12207751567577     
  -1.00000000000000        2.44592319097444     
   1.00000000000000      -0.732462969425825     
  -1.00000000000000       -2.44753983681408     
   1.00000000000000       -3.60184995292306     
  -1.00000000000000       -3.09928819502903     
  -1.00000000000000       -2.67304692027280     
   1.00000000000000       -3.27207657193919     
  -1.00000000000000       -2.30142782109909     
  -1.00000000000000       -1.47810413493141     
   1.00000000000000       -2.00979949053990     
   1.00000000000000       -1.57655367413849     
   1.00000000000000       0.446203753176909     
   1.00000000000000        3.41977436449310     
  -1.00000000000000        6.49217975422939     
   1.00000000000000        6.95713272874497     
   1.00000000000000        6.52059471901855     
  -1.00000000000000        6.58397473851617     
   1.00000000000000        4.92436102078026     
  -1.00000000000000        3.16382265521143     
   1.00000000000000       0.670803085936869     
  -1.00000000000000      -0.676889871204912     
   1.00000000000000       -2.11397461178960     
   1.00000000000000       -2.19159040795771     
  -1.00000000000000      -0.179350678532134     
  -1.00000000000000       0.957823301443574     
  -1.00000000000000       0.274320063985338     
   1.00000000000000       -1.89925289925446     
   1.00000000000000       -2.55387329176078     
   1.00000000000000      -0.968817787676093     
  -1.00000000000000        1.86720467890683     
   1.00000000000000        3.02879359685393     
  -1.00000000000000        3.86300799628205     
  -1.00000000000000        3.31185279460769     
  -1.00000000000000       0.804584923690679     
   1.00000000000000       -2.72724904807510     
   1.00000000000000       -4.30267475309931     
  -1.00000000000000       -3.00074011770481     
   1.00000000000000       -1.97293579990199     
   1.00000000000000      -0.584834883500776     
   1.00000000000000        1.99701993758232     
   1.00000000000000        5.03023117150974     
  -1.00000000000000        7.66508324337043     
  -1.00000000000000        7.49615037819831     
   1.00000000000000        4.50482756270872     
  -1.00000000000000        2.05773908082817     
  -1.00000000000000      -0.500482797247293     
  -1.00000000000000       -3.65820733819374     
  -1.00000000000000       -6.53906249129095     
  -1.00000000000000       -8.71989403064375     
  -1.00000000000000       -9.95327284369510     
   1.00000000000000       -10.5542819233668     
  -1.00000000000000       -8.51964271254466     
   1.00000000000000       -5.91229976122309     
  -1.00000000000000       -2.36966681160994     
   1.00000000000000       0.549764195989952     
  -1.00000000000000        3.38492960411022     
   1.00000000000000        4.27583939137483     
   1.00000000000000        4.45704635719912     
   1.00000000000000        5.27402689413596     
   1.00000000000000        6.24685130335500     
  -1.00000000000000        7.24847434554976     
  -1.00000000000000        6.07873659201110     
  -1.00000000000000        2.68887131491053     
   1.00000000000000       -1.53741197476128     
   1.00000000000000       -3.73806771688177     
   1.00000000000000       -2.68028001648461     
   1.00000000000000       0.553625585726497     
   1.00000000000000        4.37836870298872     
  -1.00000000000000        7.86262504354243     
  -1.00000000000000        8.37019247278569     
  -1.00000000000000        5.70253977553619     
  -1.00000000000000        1.27952175474044     
  -1.00000000000000       -3.69173816106011     
   1.00000000000000       -7.93154322220432     
   1.00000000000000       -8.73248310654732     
  -1.00000000000000       -6.03908397717383     
  -1.00000000000000       -3.53485248203172     
   1.00000000000000       -2.57375972928270     
   1.00000000000000      -0.825762533380531     
  -1.00000000000000        2.17990229274867     
  -1.00000000000000        3.65311532876089     
  -1.00000000000000        2.64954001264146     
   1.00000000000000      -1.685008358279855E-002
  -1.00000000000000       -1.44717621484841     
   1.00000000000000       -2.88075293657179     
  -1.00000000000000       -2.98136416779706     
   1.00000000000000       -2.89511719207569     
   1.00000000000000       -1.71819974901668     
   1.00000000000000        1.16793988805915     
   1.00000000000000        4.71203208144669     
   1.00000000000000        8.06309435636972     
   1.00000000000000        10.3178167050992     
   1.00000000000000        11.1006253433851     
   1.00000000000000        10.6934972811338     
   1.00000000000000        9.67055735708665     
  -1.00000000000000        8.39665105593647     
   1.00000000000000        5.22767696206283     
  -1.00000000000000        2.65916724427536     
   1.00000000000000      -0.166053810725739     
  -1.00000000000000       -1.59774644301619     
   1.00000000000000       -2.74852129081996     
   1.00000000000000       -2.41287802999735     
   1.00000000000000      -8.791363924112430E-002
   1.00000000000000        3.04508917045441     
   1.00000000000000        6.06974883646202     
   1.00000000000000        8.45719835624009     
  -1.00000000000000        9.73130007316143     
   1.00000000000000        7.95616071024039     
  -1.00000000000000        5.55935889114514     
  -1.00000000000000        2.22763961229316     
   1.00000000000000       -2.09773586718634     
  -1.00000000000000       -4.17563210326345     
   1.00000000000000       -5.24555326821249     
   1.00000000000000       -4.55969126291204     
   1.00000000000000       -1.72237131183966     
   1.00000000000000        1.98294573764917     
  -1.00000000000000        5.59359158526179     
  -1.00000000000000        6.55099222941428     
   1.00000000000000        4.16374972755826     
   1.00000000000000        1.98379778201968     
  -1.00000000000000        1.59990672479747     
   1.00000000000000       0.797160828952656     
  -1.00000000000000       0.826870632982836     
  -1.00000000000000       0.153513616403845     
   1.00000000000000       -1.75569683351607     
   1.00000000000000       -2.16317341602213     
   1.00000000000000      -0.598725889298954     
  -1.00000000000000        2.21532760771703     
  -1.00000000000000        3.32792598092747     
   1.00000000000000        1.90739937372354     
   1.00000000000000        1.17933730046130     
   1.00000000000000        1.75897851441730     
  -1.00000000000000        3.11719967669218     
   1.00000000000000        3.15822932618308     
  -1.00000000000000        3.26184809615426     
   1.00000000000000        2.28445869272303     
  -1.00000000000000        1.79103164992444     
   1.00000000000000       0.697976383232016     
  -1.00000000000000       0.251554595802967     
   1.00000000000000      -0.607406797843849     
   1.00000000000000      -0.492168452443942     
  -1.00000000000000        1.29504344538167     
   1.00000000000000        1.90742449720734     
  -1.00000000000000        2.52488152365660     
  -1.00000000000000        1.95728694776644     
   1.00000000000000      -0.202317923656421     
  -1.00000000000000       -1.03706563075099     
   1.00000000000000       -1.97181914452051     
   1.00000000000000       -1.88362443624184     
  -1.00000000000000       0.168664868287795     
  -1.00000000000000        1.21885083957682     
   1.00000000000000       0.390127341441738     
  -1.00000000000000       0.245193295376517     
   1.00000000000000      -0.375437088228720     
   1.00000000000000      -0.346775433539244     
  -1.00000000000000        1.10048841432499     
   1.00000000000000        1.45458051379351     
  -1.00000000000000        2.01630194243076     
  -1.00000000000000        1.69267776659318     
   1.00000000000000      -0.328383398017038     
   1.00000000000000       -1.19826195215630     
   1.00000000000000      -0.123900411237366     
  -1.00000000000000        2.20669145266962     
   1.00000000000000        2.95470975771706     
  -1.00000000000000        3.23235301005959     
   1.00000000000000        2.17056963448469     
  -1.00000000000000        1.67354018991850     
  -1.00000000000000       0.573110346116000     
  -1.00000000000000       -2.01442079726940     
  -1.00000000000000       -4.84699147645966     
  -1.00000000000000       -7.50620916749668     
   1.00000000000000       -9.59829192998823     
  -1.00000000000000       -8.69172464010519     
  -1.00000000000000       -6.86765332443379     
  -1.00000000000000       -5.82644489875496     
   1.00000000000000       -5.41438808385852     
   1.00000000000000       -3.65719370518015     
   1.00000000000000      -0.261738341377783     
   1.00000000000000        3.72926780431071     
   1.00000000000000        7.21704318812300     
   1.00000000000000        9.73745917187112     
  -1.00000000000000        11.1474435053812     
  -1.00000000000000        9.43628967312801     
   1.00000000000000        5.08933706235937     
   1.00000000000000        1.69277204823443     
  -1.00000000000000       0.462287179805996     
  -1.00000000000000      -0.988830287107120     
   1.00000000000000       -3.26803965219161     
   1.00000000000000       -3.51510910063326     
  -1.00000000000000       -1.28878405635332     
   1.00000000000000       0.112664569538766     
  -1.00000000000000        1.49974718536143     
   1.00000000000000        1.57281875455377     
   1.00000000000000        1.72564790716090     
   1.00000000000000        2.75173792606016     
  -1.00000000000000        4.15238231426896     
  -1.00000000000000        3.81353668032696     
   1.00000000000000        1.26212065563141     
  -1.00000000000000      -0.378106971525216     
  -1.00000000000000       -1.86351313199806     
  -1.00000000000000       -3.95528388921476     
   1.00000000000000       -6.05107454032968     
  -1.00000000000000       -5.65479860657556     
  -1.00000000000000       -4.61149789076783     
  -1.00000000000000       -4.34369735054289     
   1.00000000000000       -4.86515678137682     
   1.00000000000000       -3.69159186321289     
  -1.00000000000000      -0.333653710948830     
   1.00000000000000        1.73019798106249     
   1.00000000000000        3.35130684063829     
   1.00000000000000        5.32723422629704     
  -1.00000000000000        7.08654231132466     
  -1.00000000000000        6.39592766726799     
  -1.00000000000000        3.11194050186497     
  -1.00000000000000       -1.45117006273491     
  -1.00000000000000       -5.89397867091042     
   1.00000000000000       -9.10743445350524     
  -1.00000000000000       -9.16631571378179     
  -1.00000000000000       -7.97991240506792     
   1.00000000000000       -7.00253134009018     
  -1.00000000000000       -4.27034075684653     
   1.00000000000000       -1.92763946721469     
  -1.00000000000000       0.496945010030875     
  -1.00000000000000        1.58834999149306     
  -1.00000000000000       0.427281918361038     
   1.00000000000000       -2.20962490048169     
   1.00000000000000       -3.40349590176992     
   1.00000000000000       -1.85829664592849     
  -1.00000000000000        1.40133507750248     
  -1.00000000000000        2.99026218362174     
  -1.00000000000000        1.96431275781579     
  -1.00000000000000      -0.745881213760302     
   1.00000000000000       -4.03019749345433     
  -1.00000000000000       -5.17193647578903     
  -1.00000000000000       -5.51110461869173     
  -1.00000000000000       -6.08774213807847     
  -1.00000000000000       -6.95549878366724     
   1.00000000000000       -7.89150585902438     
   1.00000000000000       -6.51600103439993     
  -1.00000000000000       -2.62982402686581     
   1.00000000000000       0.195833044176067     
   1.00000000000000        2.54262032689278     
  -1.00000000000000        5.10867860970295     
   1.00000000000000        5.40342384820867     
   1.00000000000000        4.89850112610694     
   1.00000000000000        4.89794462376091     
  -1.00000000000000        5.35205633389616     
   1.00000000000000        4.11591010412305     
  -1.00000000000000        2.89194785219841     
  -1.00000000000000       0.947708750012265     
   1.00000000000000       -2.36437936566459     
  -1.00000000000000       -3.94695785442998     
   1.00000000000000       -4.88838742181153     
  -1.00000000000000       -4.04688002915803     
  -1.00000000000000       -3.25345775635059     
   1.00000000000000       -3.68059736182756     
   1.00000000000000       -2.75339943102134     
  -1.00000000000000      -3.775242113697591E-002
  -1.00000000000000        1.55933585651726     
   1.00000000000000       0.957289450201618     
  -1.00000000000000       0.813264697106380     
  -1.00000000000000       4.226670605960147E-002
   1.00000000000000       -1.95715497468658     
  -1.00000000000000       -2.43771613924079     
  -1.00000000000000       -2.77882718120620     
  -1.00000000000000       -4.07836010716179     
  -1.00000000000000       -5.79319008658303     
