  -1.00000000000000       3.854558345257143E-002
   1.00000000000000       0.114785176384512     
   1.00000000000000       0.236665273373265     
  -1.00000000000000       0.309405947173702     
  -1.00000000000000      -0.929263335767886     
  -1.00000000000000       -1.35682043277095     
   1.00000000000000       0.146831513887364     
  -1.00000000000000       0.802036006911876     
   1.00000000000000      -0.262580445041520     
  -1.00000000000000       -2.57711150318567     
   1.00000000000000       -3.26039029877593     
   1.00000000000000       -3.61065424448326     
   1.00000000000000       -2.62420685438978     
   1.00000000000000       -1.73790495546603     
  -1.00000000000000      -0.263788591931001     
   1.00000000000000        2.21341571991856     
  -1.00000000000000        4.98178939672489     
  -1.00000000000000        7.47395231731308     
   1.00000000000000        7.33472195129254     
  -1.00000000000000        6.45998311716731     
   1.00000000000000        4.15048597294923     
   1.00000000000000       0.291322395312471     
   1.00000000000000       -1.94306199181092     
  -1.00000000000000       -3.74446879063543     
   1.00000000000000       -3.86362283488355     
   1.00000000000000       -1.64593734214341     
  -1.00000000000000        1.73426917069448     
   1.00000000000000        3.36510379529522     
   1.00000000000000        4.37176319246444     
   1.00000000000000        6.02637372568773     
  -1.00000000000000        5.63023514976613     
   1.00000000000000        4.80244394473535     
  -1.00000000000000        4.98684082215593     
   1.00000000000000        5.79766958955252     
   1.00000000000000        4.84979478307985     
  -1.00000000000000        3.69399625914164     
   1.00000000000000        1.68589861639883     
   1.00000000000000       0.513032170618304     
  -1.00000000000000        1.22974648090361     
  -1.00000000000000        1.22191285278568     
  -1.00000000000000        1.54574628069792     
   1.00000000000000        2.91099268680951     
  -1.00000000000000        2.77557563072211     
  -1.00000000000000       0.515034088061411     
   1.00000000000000       -2.55723801655480     
   1.00000000000000       -3.41722044049556     
  -1.00000000000000       -3.76858155356607     
   1.00000000000000       -5.01687701084960     
   1.00000000000000       -4.38558214234770     
   1.00000000000000       -1.45389945699252     
   1.00000000000000       0.314635039914417     
  -1.00000000000000        1.94864111399897     
  -1.00000000000000        4.44739548057572     
  -1.00000000000000        6.87131763601912     
   1.00000000000000        8.49629561729793     
   1.00000000000000        7.44343674419880     
  -1.00000000000000        3.64814897957159     
  -1.00000000000000       -1.47559516887867     
   1.00000000000000       -4.17794938947440     
  -1.00000000000000       -3.71209554356566     
   1.00000000000000       -3.19031595885921     
  -1.00000000000000       -3.84790733948996     
   1.00000000000000       -3.15203692135265     
   1.00000000000000       -2.54116044439575     
   1.00000000000000       -1.17505650486145     
   1.00000000000000      -0.581779528837276     
  -1.00000000000000       0.290627431454803     
   1.00000000000000        2.35798499126331     
   1.00000000000000        4.81619050214835     
  -1.00000000000000        7.01992460336119     
   1.00000000000000        6.43315222869707     
  -1.00000000000000        4.97295825878410     
   1.00000000000000        4.39384063443296     
  -1.00000000000000        2.68984258144304     
  -1.00000000000000        1.67890160788202     
   1.00000000000000       0.170714497589826     
   1.00000000000000      -0.533310807360526     
  -1.00000000000000       -1.42092696800158     
  -1.00000000000000       -3.37646875751235     
  -1.00000000000000       -3.70727836831178     
  -1.00000000000000       -1.58112442885071     
  -1.00000000000000      -0.210193171215869     
  -1.00000000000000      -0.746955991349030     
   1.00000000000000       -2.41970653463676     
   1.00000000000000       -4.59217469516800     
   1.00000000000000       -6.66070021079154     
   1.00000000000000       -8.13352015871644     
  -1.00000000000000       -6.96952245565110     
  -1.00000000000000       -3.29861675351767     
   1.00000000000000        1.44250493842695     
   1.00000000000000        6.06580979028738     
  -1.00000000000000        7.56660041537854     
  -1.00000000000000        5.70052761405251     
  -1.00000000000000        3.88984633498517     
   1.00000000000000        3.46993609955512     
   1.00000000000000        2.05422089391710     
  -1.00000000000000      -0.951394188511534     
   1.00000000000000       -4.22822576156614     
  -1.00000000000000       -5.00622736661034     
   1.00000000000000       -3.12092327366173     
   1.00000000000000       -1.74532596534694     
  -1.00000000000000       0.165021431778439     
  -1.00000000000000        1.11138538195993     
  -1.00000000000000        1.95207898269322     
   1.00000000000000        3.57619146036169     
   1.00000000000000        3.55316047478656     
  -1.00000000000000        1.32683114860863     
   1.00000000000000       -1.86481522925348     
  -1.00000000000000       -3.02334516568007     
  -1.00000000000000       -1.72888368854828     
  -1.00000000000000       -1.16129934189779     
   1.00000000000000      -0.198805866274532     
  -1.00000000000000       0.136531576174278     
   1.00000000000000      -0.940976283948141     
   1.00000000000000       -2.73146747922403     
  -1.00000000000000       -3.01359232048796     
   1.00000000000000       -3.37810581926200     
   1.00000000000000       -2.46243654828341     
  -1.00000000000000       0.129770093671037     
  -1.00000000000000        1.27501369417370     
   1.00000000000000        2.33488953038977     
  -1.00000000000000        4.06201239648595     
  -1.00000000000000        3.89060005313172     
  -1.00000000000000        1.40907525636298     
  -1.00000000000000      -0.265672138072491     
  -1.00000000000000       -1.85342814103278     
  -1.00000000000000       -3.86356292974707     
   1.00000000000000       -5.78903136645778     
   1.00000000000000       -7.53547959044186     
   1.00000000000000       -8.75242251819320     
  -1.00000000000000       -9.30652240219103     
   1.00000000000000       -7.42653080770667     
   1.00000000000000       -3.24943522984349     
   1.00000000000000        1.77564783250537     
  -1.00000000000000        4.36982848154010     
   1.00000000000000        5.67888456032054     
   1.00000000000000        6.89985062743103     
  -1.00000000000000        7.94360623393939     
   1.00000000000000        6.54943000720700     
  -1.00000000000000        4.62803636253598     
  -1.00000000000000        3.76549189691095     
   1.00000000000000        1.89412767113823     
   1.00000000000000       0.667077119610523     
   1.00000000000000      -0.865427335981708     
  -1.00000000000000       -3.33580124622011     
   1.00000000000000       -4.01873071897288     
   1.00000000000000       -2.39524665555408     
   1.00000000000000       0.673872540163302     
  -1.00000000000000        2.32568342862526     
   1.00000000000000        3.43765224241685     
   1.00000000000000        5.04370040474789     
  -1.00000000000000        6.62416442599939     
   1.00000000000000        5.86352431432741     
   1.00000000000000        4.99484390986828     
  -1.00000000000000        5.06104479676151     
  -1.00000000000000        3.60949261916848     
   1.00000000000000        2.25035920279703     
   1.00000000000000        2.36267827335661     
  -1.00000000000000        1.57391940430457     
  -1.00000000000000      -0.828515780968030     
   1.00000000000000       -1.94822388968695     
   1.00000000000000      -0.967805664761833     
   1.00000000000000      -0.702791937043710     
   1.00000000000000       -1.71748318822464     
  -1.00000000000000       -1.42784630169851     
   1.00000000000000       0.644160404740829     
  -1.00000000000000        3.54352613758952     
   1.00000000000000        6.56879351218533     
  -1.00000000000000        7.05493753432342     
   1.00000000000000        6.57364694474267     
  -1.00000000000000        4.51202075525063     
  -1.00000000000000        2.77331554130061     
   1.00000000000000       0.515302229356141     
  -1.00000000000000      -0.669641597991081     
  -1.00000000000000       -2.05084378259736     
   1.00000000000000       -4.11590011145115     
   1.00000000000000       -4.23692518932620     
   1.00000000000000       -3.83931509512337     
   1.00000000000000       -4.16488429045712     
   1.00000000000000       -3.03998744091573     
  -1.00000000000000      -0.252217243958541     
   1.00000000000000        3.14469272493500     
   1.00000000000000        6.40130453329682     
   1.00000000000000        8.86264015347752     
   1.00000000000000        8.16459934469321     
  -1.00000000000000        6.57933456808750     
  -1.00000000000000        5.76818851989537     
   1.00000000000000        5.57578362071506     
  -1.00000000000000        5.80127509123466     
   1.00000000000000        4.28136920740345     
   1.00000000000000       0.825706561988428     
   1.00000000000000       -1.27949692413813     
  -1.00000000000000       -2.79657734038510     
   1.00000000000000       -2.63002118407573     
   1.00000000000000      -0.412270424186164     
   1.00000000000000        2.68171429635639     
   1.00000000000000        3.74265440820720     
  -1.00000000000000        4.16677576020544     
  -1.00000000000000        5.19461472757057     
   1.00000000000000        6.31626240202723     
   1.00000000000000        7.24404583382240     
  -1.00000000000000        6.19627712507941     
  -1.00000000000000        2.92978945062360     
  -1.00000000000000       0.569635257769460     
   1.00000000000000       0.343694822130364     
  -1.00000000000000      -0.158578666468148     
  -1.00000000000000       -1.80399181258003     
   1.00000000000000       -4.12192384539885     
   1.00000000000000       -4.60990698725253     
   1.00000000000000       -4.35448796603206     
  -1.00000000000000       -4.71716007532012     
  -1.00000000000000       -3.47513937167674     
  -1.00000000000000      -0.206590903227630     
   1.00000000000000        3.80747124312083     
  -1.00000000000000        5.46469557967860     
   1.00000000000000        4.03554285824988     
   1.00000000000000       0.783334231862957     
  -1.00000000000000       -1.12393424691759     
  -1.00000000000000       -2.67488831084040     
  -1.00000000000000       -2.61549756868947     
  -1.00000000000000      -0.382099940586410     
  -1.00000000000000       0.690343629676110     
   1.00000000000000      -0.254763802018640     
   1.00000000000000       -2.34343370381603     
  -1.00000000000000       -4.81397366655860     
   1.00000000000000       -7.04098151253546     
  -1.00000000000000       -6.88952006514221     
  -1.00000000000000       -4.03454942033187     
  -1.00000000000000       -1.72053274566437     
   1.00000000000000       0.786309762070530     
  -1.00000000000000        1.91045771419580     
  -1.00000000000000       0.899086604426913     
  -1.00000000000000       -1.44021490390811     
  -1.00000000000000       -2.21589477255045     
   1.00000000000000       -2.75358694825314     
   1.00000000000000       -3.93389210585605     
  -1.00000000000000       -5.22251762788792     
   1.00000000000000       -6.36431473141599     
   1.00000000000000       -5.39461782608282     
  -1.00000000000000       -2.11520218028868     
   1.00000000000000       0.109995090207131     
  -1.00000000000000        2.07892310916427     
  -1.00000000000000        4.59818594115530     
   1.00000000000000        4.95371776652474     
  -1.00000000000000        4.46093156663123     
  -1.00000000000000        2.41182015336949     
  -1.00000000000000       -1.14253653465064     
  -1.00000000000000       -2.78151536410780     
   1.00000000000000       -3.65468560139354     
   1.00000000000000       -4.99069529701726     
  -1.00000000000000       -6.47192639849441     
  -1.00000000000000       -7.61868171782455     
   1.00000000000000       -6.57219992132486     
   1.00000000000000       -3.07347364643683     
  -1.00000000000000      -0.520295652270411     
   1.00000000000000      -0.269294025738063     
   1.00000000000000       0.305299121088097     
   1.00000000000000        2.03616477113654     
   1.00000000000000        2.24423213955157     
  -1.00000000000000        2.15141234972659     
   1.00000000000000        2.96367191480259     
  -1.00000000000000        4.53493544433676     
   1.00000000000000        6.42750375027991     
  -1.00000000000000        5.95847951394660     
  -1.00000000000000        5.00635335588539     
   1.00000000000000        2.84825071742301     
  -1.00000000000000        1.16263569235902     
  -1.00000000000000      -0.785397039333441     
  -1.00000000000000       -3.58032940387244     
   1.00000000000000       -4.35131454188990     
   1.00000000000000       -4.52216260820158     
  -1.00000000000000       -5.22364449895978     
   1.00000000000000       -6.25148664577384     
   1.00000000000000       -5.35493242094064     
  -1.00000000000000       -2.13756570779169     
   1.00000000000000       0.256128917272658     
   1.00000000000000        2.47926296322245     
  -1.00000000000000        4.83286460187279     
   1.00000000000000        4.85942102507528     
  -1.00000000000000        4.38689080560557     
   1.00000000000000        4.60145875434994     
   1.00000000000000        3.33291428839095     
  -1.00000000000000        2.25676659133190     
  -1.00000000000000       0.601878320925147     
  -1.00000000000000      -0.247691506554764     
   1.00000000000000       0.652621036468272     
  -1.00000000000000       0.619907142026739     
  -1.00000000000000       -1.16052920482590     
  -1.00000000000000       -3.64841282788048     
   1.00000000000000       -4.13223002144045     
   1.00000000000000       -4.20003095321619     
  -1.00000000000000       -4.81432169607064     
  -1.00000000000000       -5.66235256617279     
   1.00000000000000       -4.54897780293946     
   1.00000000000000       -1.47924799798733     
   1.00000000000000       0.482950751578014     
  -1.00000000000000       0.360632179499184     
  -1.00000000000000       0.519941138684584     
   1.00000000000000        1.91791461294456     
  -1.00000000000000        4.05197537288370     
  -1.00000000000000        4.16277753090548     
  -1.00000000000000        1.73651399391269     
  -1.00000000000000       1.239169297665743E-002
   1.00000000000000       -1.91341919586037     
   1.00000000000000       -4.56664564656368     
  -1.00000000000000       -7.14414770085776     
   1.00000000000000       -9.05549467019820     
  -1.00000000000000       -8.07062662996186     
  -1.00000000000000       -4.22101477362066     
   1.00000000000000       -1.26148139224022     
  -1.00000000000000        1.70177616725107     
  -1.00000000000000        2.96090248664455     
  -1.00000000000000        1.67115264188406     
   1.00000000000000       0.989530536374181     
   1.00000000000000      -4.123385432385921E-002
  -1.00000000000000       -2.16288147161782     
  -1.00000000000000       -4.66006264929204     
   1.00000000000000       -4.83014870897616     
  -1.00000000000000       -2.48752888490720     
   1.00000000000000      -0.867479429911955     
  -1.00000000000000       -1.05339969727694     
  -1.00000000000000      -0.612868684296222     
  -1.00000000000000      -0.707113647962838     
  -1.00000000000000       2.284211652396612E-002
   1.00000000000000       0.256190475273527     
   1.00000000000000      -0.955239113187582     
   1.00000000000000       -3.17453869882035     
   1.00000000000000       -5.61238610846348     
   1.00000000000000       -5.49940764101012     
  -1.00000000000000       -2.60646887988910     
  -1.00000000000000        1.58341359609952     
   1.00000000000000        5.66223061786556     
  -1.00000000000000        8.80142057080163     
  -1.00000000000000        8.59525987344334     
  -1.00000000000000        5.16257421453829     
  -1.00000000000000        2.28490580984575     
   1.00000000000000      -0.450512016419155     
  -1.00000000000000       -3.60914537035724     
   1.00000000000000       -6.52783004678958     
  -1.00000000000000       -8.73664986366186     
  -1.00000000000000       -8.11739742098527     
  -1.00000000000000       -6.74958766641092     
  -1.00000000000000       -4.06745892725173     
   1.00000000000000       -1.96655230328385     
  -1.00000000000000       -1.73874932585063     
  -1.00000000000000       -2.65597321756356     
   1.00000000000000       -4.12226051784884     
   1.00000000000000       -3.98353585211471     
   1.00000000000000       -3.62214026160480     
  -1.00000000000000       -4.04782702915667     
   1.00000000000000       -2.90624972429441     
  -1.00000000000000      -7.453753504758814E-002
   1.00000000000000        3.45277899783550     
  -1.00000000000000        4.79207254949574     
   1.00000000000000        5.44393285660182     
   1.00000000000000        4.49561189785832     
   1.00000000000000        3.50810934587243     
  -1.00000000000000        1.59778742612895     
  -1.00000000000000       0.425594290178759     
  -1.00000000000000       0.947778710101981     
   1.00000000000000        2.57932680803379     
  -1.00000000000000        2.74448183741418     
   1.00000000000000       0.868355466100980     
  -1.00000000000000       -2.01608118360099     
  -1.00000000000000       -2.96288666576219     
  -1.00000000000000       -3.59153310692846     
  -1.00000000000000       -2.66042545936542     
  -1.00000000000000       -1.86980881906082     
   1.00000000000000       -2.48609525803459     
   1.00000000000000       -4.03080826954232     
   1.00000000000000       -6.01153821965733     
  -1.00000000000000       -7.76918224802168     
  -1.00000000000000       -7.02422308830850     
   1.00000000000000       -3.52899924678791     
  -1.00000000000000        1.25950303190871     
  -1.00000000000000        3.83242729485185     
   1.00000000000000        3.20675141926821     
  -1.00000000000000        2.47836852461999     
   1.00000000000000       0.920379361795525     
  -1.00000000000000       -1.74205708212115     
   1.00000000000000       -2.56071721125445     
  -1.00000000000000       -2.98484789533436     
  -1.00000000000000       -2.12786046357635     
   1.00000000000000       -1.74988377139636     
  -1.00000000000000      -0.971302237689073     
  -1.00000000000000      -0.884736362455861     
   1.00000000000000       -2.21187822957014     
   1.00000000000000       -2.22504284886369     
  -1.00000000000000       -2.35075761087065     
   1.00000000000000       -3.49278401566243     
  -1.00000000000000       -3.03455277921651     
  -1.00000000000000      -0.758889367493366     
   1.00000000000000       0.241454374125143     
   1.00000000000000        1.48148952511837     
   1.00000000000000        1.67897057701787     
  -1.00000000000000      -3.789895837470575E-002
   1.00000000000000      -0.556140151936609     
   1.00000000000000       0.836752143938327     
   1.00000000000000        3.22074164416055     
  -1.00000000000000        3.82254292530677     
  -1.00000000000000        4.10409585854171     
  -1.00000000000000        5.11038503584210     
  -1.00000000000000        6.28381404881468     
  -1.00000000000000        5.27217835334277     
   1.00000000000000        1.86057428537520     
  -1.00000000000000       -2.50135706336076     
   1.00000000000000       -6.51512389500806     
  -1.00000000000000       -9.61298942081936     
  -1.00000000000000       -9.52526922924329     
   1.00000000000000       -8.18318675037553     
  -1.00000000000000       -5.01478971004168     
   1.00000000000000       -2.08798306355882     
  -1.00000000000000       -1.12528833571258     
  -1.00000000000000       0.183475355341671     
   1.00000000000000       0.456870214551210     
   1.00000000000000       0.842308082628914     
  -1.00000000000000       0.485401790687434     
  -1.00000000000000       -1.12427364089231     
   1.00000000000000       -1.38616988783940     
  -1.00000000000000       0.279683303589060     
  -1.00000000000000       0.740090403215329     
  -1.00000000000000      -0.582669969732558     
  -1.00000000000000      -0.610429522420608     
   1.00000000000000      -0.832342845253678     
   1.00000000000000       -2.38838445156792     
  -1.00000000000000       -4.57997467450753     
   1.00000000000000       -6.73428013994626     
  -1.00000000000000       -6.47213959071012     
   1.00000000000000       -3.59439289144844     
  -1.00000000000000       -1.17686439685882     
  -1.00000000000000        1.33933735438575     
   1.00000000000000        2.30514849441358     
   1.00000000000000        3.04659576940871     
   1.00000000000000        2.49632308375691     
  -1.00000000000000       2.867026443038982E-002
   1.00000000000000       -1.28826716001138     
   1.00000000000000      -0.423871131659285     
  -1.00000000000000        1.85388572328248     
   1.00000000000000        2.58511455573981     
  -1.00000000000000        3.01162556296803     
   1.00000000000000        4.36402871593909     
   1.00000000000000        4.10797618141792     
  -1.00000000000000        3.58101670461350     
  -1.00000000000000        2.20680952474643     
   1.00000000000000        1.29158499833465     
  -1.00000000000000        1.89067091691978     
   1.00000000000000        1.58634545310921     
   1.00000000000000      -0.411425847332943     
  -1.00000000000000       -1.16457301365560     
   1.00000000000000       -1.90747973437356     
   1.00000000000000       -1.63044516173753     
  -1.00000000000000       0.311301603027308     
  -1.00000000000000        1.14203011007398     
   1.00000000000000        2.01441811629834     
  -1.00000000000000        3.82516464618702     
   1.00000000000000        4.03973974419957     
  -1.00000000000000        1.93826041466506     
  -1.00000000000000       0.500600246659999     
  -1.00000000000000       -1.12650657164197     
   1.00000000000000       -1.47746919093961     
  -1.00000000000000       -1.93494273181026     
  -1.00000000000000       -3.44535155230944     
  -1.00000000000000       -5.36020412021874     
  -1.00000000000000       -5.24780696836076     
  -1.00000000000000       -4.55773795256725     
   1.00000000000000       -4.49512876547348     
  -1.00000000000000       -4.92535622956565     
   1.00000000000000       -5.58223245010416     
  -1.00000000000000       -6.27679413477224     
  -1.00000000000000       -4.92435956400295     
  -1.00000000000000       -3.33093822506391     
  -1.00000000000000       -1.00990783685124     
   1.00000000000000       0.291369813163002     
  -1.00000000000000      -0.211976256464579     
  -1.00000000000000       -1.81384991168049     
  -1.00000000000000       -3.75800982680445     
  -1.00000000000000       -3.81215435543963     
   1.00000000000000       -3.59643242531440     
  -1.00000000000000       -4.19229204191414     
  -1.00000000000000       -5.17326904680836     
   1.00000000000000       -6.20151229541935     
   1.00000000000000       -5.05919905614508     
  -1.00000000000000       -3.68640540255147     
  -1.00000000000000       -3.55361477850977     
   1.00000000000000       -2.40105867768028     
  -1.00000000000000       0.424979495883304     
   1.00000000000000        1.69608834828515     
  -1.00000000000000       0.724278746220370     
   1.00000000000000       0.409976479632460     
   1.00000000000000      -0.565180523781500     
  -1.00000000000000      -0.733778185641746     
  -1.00000000000000       -1.09383304231617     
   1.00000000000000      -0.543460850557951     
   1.00000000000000        1.44461149675813     
   1.00000000000000        2.03927562988538     
   1.00000000000000       0.472012003126734     
  -1.00000000000000      -0.366860230013778     
   1.00000000000000       0.533918705223487     
   1.00000000000000        2.40856680194446     
   1.00000000000000        4.88666958101989     
   1.00000000000000        5.29445449467929     
  -1.00000000000000        5.14774339430433     
   1.00000000000000        5.62629967617200     
  -1.00000000000000        6.35061539832122     
  -1.00000000000000        7.14815116158481     
   1.00000000000000        5.95507250725796     
  -1.00000000000000        4.51259539002865     
  -1.00000000000000        2.04672148300215     
  -1.00000000000000       -1.63205120518134     
  -1.00000000000000       -3.35920021236149     
  -1.00000000000000       -4.33176281720736     
   1.00000000000000       -5.57647116414821     
  -1.00000000000000       -6.71636676834524     
  -1.00000000000000       -7.51706477281244     
   1.00000000000000       -7.84308639147851     
  -1.00000000000000       -5.89489960965852     
   1.00000000000000       -3.80074935492649     
   1.00000000000000       -2.99881546728874     
   1.00000000000000       -1.23539073761581     
   1.00000000000000      -0.305679693503623     
  -1.00000000000000       0.837771435510437     
   1.00000000000000        3.00103668894367     
  -1.00000000000000        5.59639193954624     
  -1.00000000000000        7.87302561814522     
   1.00000000000000        7.48386373702645     
   1.00000000000000        6.36489807147283     
  -1.00000000000000        3.81503776599629     
   1.00000000000000      -9.428357852535360E-002
   1.00000000000000       -2.30782550170192     
   1.00000000000000       -1.93161230895036     
  -1.00000000000000       -1.71675816074394     
  -1.00000000000000      -0.727062007317721     
   1.00000000000000        1.54241326705903     
   1.00000000000000        4.32192421093727     
   1.00000000000000        5.00638212464673     
   1.00000000000000        3.17642561053140     
   1.00000000000000        1.93921243577837     
   1.00000000000000        2.22274412366012     
  -1.00000000000000        3.47441065157586     
  -1.00000000000000        5.28408035627545     
   1.00000000000000        7.07334132239827     
  -1.00000000000000        8.40136742058792     
   1.00000000000000        7.13140192313503     
   1.00000000000000        3.31779376803891     
   1.00000000000000       0.421032572125941     
   1.00000000000000       -2.39903643795857     
  -1.00000000000000       -3.41745000483013     
   1.00000000000000       -1.88902886500336     
   1.00000000000000        1.16827260416182     
   1.00000000000000        4.64765050915812     
  -1.00000000000000        5.60236284447522     
  -1.00000000000000        5.56325207983208     
   1.00000000000000        5.88134489937778     
   1.00000000000000        6.46137751366464     
   1.00000000000000        5.00807493984975     
  -1.00000000000000        1.38866110356496     
  -1.00000000000000      -0.826247569045093     
   1.00000000000000      -0.699693787315742     
  -1.00000000000000        1.14262812313036     
   1.00000000000000        1.83483281896688     
   1.00000000000000       0.494362106005897     
  -1.00000000000000      -5.583404979003509E-002
  -1.00000000000000       -1.04842220394009     
   1.00000000000000       -1.03025399711709     
  -1.00000000000000       0.749790896344985     
   1.00000000000000        1.30183357676323     
  -1.00000000000000      -0.203251455033968     
  -1.00000000000000      -0.646490618128412     
  -1.00000000000000       -1.14626872547998     
   1.00000000000000      -0.921999313351663     
   1.00000000000000       -1.27748250998448     
  -1.00000000000000       -2.82637267847102     
  -1.00000000000000       -4.76399112342672     
  -1.00000000000000       -4.49906870060077     
  -1.00000000000000       -1.95019798262039     
  -1.00000000000000      -0.410356919238597     
   1.00000000000000      -0.982208961513819     
  -1.00000000000000       -2.68596527930223     
   1.00000000000000       -4.68771234590964     
   1.00000000000000       -6.68883685344006     
  -1.00000000000000       -6.42957066939651     
   1.00000000000000       -5.63448244394681     
   1.00000000000000       -3.59670151617089     
   1.00000000000000      -6.609891634632191E-002
  -1.00000000000000        1.73546898720920     
  -1.00000000000000        2.85908187608733     
   1.00000000000000        4.27740140228905     
   1.00000000000000        5.88264390763663     
  -1.00000000000000        5.46559712911809     
  -1.00000000000000        2.75648887298250     
   1.00000000000000       0.830133122823341     
   1.00000000000000       0.783988533713236     
   1.00000000000000       0.161364289494457     
   1.00000000000000       -1.77185267394908     
   1.00000000000000       -2.35479597330943     
  -1.00000000000000      -0.596276817244174     
  -1.00000000000000        2.50450879512781     
   1.00000000000000        5.85544629018100     
   1.00000000000000        8.59410605458612     
  -1.00000000000000        8.07130195668799     
  -1.00000000000000        4.50399537182044     
  -1.00000000000000        1.84198212623941     
   1.00000000000000        1.31412796944246     
  -1.00000000000000       0.302243329595477     
   1.00000000000000       -2.00097973990954     
  -1.00000000000000       -4.69074430177493     
  -1.00000000000000       -5.35775713307213     
  -1.00000000000000       -5.51877321967858     
  -1.00000000000000       -4.15106701527042     
   1.00000000000000       -2.89496281433273     
  -1.00000000000000       -2.93405071140800     
   1.00000000000000       -3.99725556666122     
  -1.00000000000000       -5.69545553113393     
  -1.00000000000000       -5.34942241570630     
  -1.00000000000000       -4.58724852085802     
   1.00000000000000       -2.71249922506684     
   1.00000000000000       -1.44276093156697     
  -1.00000000000000       -1.95074433986032     
   1.00000000000000       -3.55630803108103     
   1.00000000000000       -3.53491235464984     
   1.00000000000000       -1.32684613800749     
  -1.00000000000000      -4.431580259387701E-002
  -1.00000000000000        1.36030157100521     
  -1.00000000000000        3.63544309253086     
  -1.00000000000000        5.92928945862699     
  -1.00000000000000        5.92807581399920     
  -1.00000000000000        3.31288463838493     
   1.00000000000000      -0.646861174950744     
  -1.00000000000000       -4.69182782686268     
   1.00000000000000       -8.03727369874989     
   1.00000000000000       -10.0882946745005     
   1.00000000000000       -8.94708167626590     
  -1.00000000000000       -7.01849299387156     
   1.00000000000000       -4.02571314630284     
   1.00000000000000       0.356099844106454     
   1.00000000000000        4.91339823611447     
   1.00000000000000        6.60716866202298     
   1.00000000000000        7.01559352584187     
   1.00000000000000        7.57177041448050     
   1.00000000000000        8.25555084182516     
   1.00000000000000        8.63934513805404     
   1.00000000000000        8.48928721064732     
  -1.00000000000000        8.03055347125972     
  -1.00000000000000        7.62552263355813     
  -1.00000000000000        7.57197987835727     
   1.00000000000000        7.77725036599924     
  -1.00000000000000        6.05832637306979     
   1.00000000000000        2.41818401664685     
   1.00000000000000       -1.96838407267562     
   1.00000000000000       -4.10261813924792     
   1.00000000000000       -5.26324788467129     
   1.00000000000000       -4.35950965660625     
   1.00000000000000       -1.12724212442064     
  -1.00000000000000        2.94936989618122     
  -1.00000000000000        6.43515230980389     
   1.00000000000000        8.82115115776115     
  -1.00000000000000        10.0878484314080     
   1.00000000000000        8.40654504282115     
  -1.00000000000000        3.99447132863382     
  -1.00000000000000       0.726618203061729     
  -1.00000000000000       -1.99198053151581     
  -1.00000000000000       -2.94241026396235     
   1.00000000000000       -3.54915896811449     
  -1.00000000000000       -4.87414928227619     
   1.00000000000000       -6.45122849631320     
  -1.00000000000000       -7.75786746673215     
  -1.00000000000000       -6.45885399675284     
  -1.00000000000000       -4.53665137714864     
  -1.00000000000000       -1.65526344100548     
   1.00000000000000       0.246730824163153     
  -1.00000000000000       0.141074493953517     
   1.00000000000000       -1.34507830084710     
   1.00000000000000       -3.65318017537466     
   1.00000000000000       -4.40760483446623     
  -1.00000000000000       -4.76593445346503     
   1.00000000000000       -3.50747098711868     
  -1.00000000000000      -0.355377943917301     
  -1.00000000000000        3.34076188859323     
   1.00000000000000        4.71909667037178     
  -1.00000000000000        5.24888282158105     
   1.00000000000000        3.96337341852254     
   1.00000000000000       0.518355284470924     
   1.00000000000000       -1.23945114795824     
  -1.00000000000000       -2.32950041179382     
   1.00000000000000       -2.19074062614218     
   1.00000000000000      -0.385877568447366     
  -1.00000000000000        2.55454560293254     
  -1.00000000000000        3.68317220340843     
  -1.00000000000000        4.12758649544259     
   1.00000000000000        5.07676695219842     
   1.00000000000000        4.33562807397978     
  -1.00000000000000        1.83846578897133     
  -1.00000000000000       -1.66805864568518     
  -1.00000000000000       -3.27004601673479     
  -1.00000000000000       -2.15075150937636     
  -1.00000000000000       -1.46953972050753     
   1.00000000000000       -2.11245786899058     
   1.00000000000000       -3.67980509076922     
   1.00000000000000       -5.54689748080649     
  -1.00000000000000       -7.37131322728332     
  -1.00000000000000       -6.74131345653873     
  -1.00000000000000       -3.46184037869042     
  -1.00000000000000       0.903519522207420     
  -1.00000000000000        3.00192331555301     
  -1.00000000000000        2.41014261149625     
   1.00000000000000       8.128627695347000E-002
  -1.00000000000000       -3.02502503736667     
  -1.00000000000000       -5.92791609191211     
   1.00000000000000       -8.27665924816961     
   1.00000000000000       -7.58761251497593     
   1.00000000000000       -5.94284595236457     
  -1.00000000000000       -5.10999898830242     
   1.00000000000000       -3.00845033841525     
   1.00000000000000       0.577773669744585     
   1.00000000000000        4.40159014889107     
  -1.00000000000000        5.41347379367727     
  -1.00000000000000        5.27413342645950     
  -1.00000000000000        5.76224917542876     
  -1.00000000000000        6.54245429086140     
   1.00000000000000        5.23675732023701     
   1.00000000000000        1.71932180687401     
  -1.00000000000000       -2.42489255734425     
  -1.00000000000000       -6.25278290194790     
  -1.00000000000000       -7.20204213994324     
   1.00000000000000       -4.92979130756383     
  -1.00000000000000       -3.02762591162470     
  -1.00000000000000       -2.61565412790654     
   1.00000000000000       -3.21862544451040     
  -1.00000000000000       -2.36474624607815     
   1.00000000000000       -1.89456187317603     
   1.00000000000000       -2.80350540977249     
  -1.00000000000000       -2.32362088522325     
  -1.00000000000000       -2.13718052982398     
   1.00000000000000       -1.17829921875430     
  -1.00000000000000        1.23479320549036     
   1.00000000000000        2.19997244680347     
  -1.00000000000000       0.901014882386984     
   1.00000000000000       0.266978564830375     
   1.00000000000000      -0.752097394294190     
  -1.00000000000000      -0.718661186737907     
  -1.00000000000000       -1.17505670885189     
  -1.00000000000000      -0.848706689358638     
  -1.00000000000000       0.969275370161871     
  -1.00000000000000        1.43717254953344     
   1.00000000000000      -5.535994685712015E-002
   1.00000000000000       -2.63868687891483     
  -1.00000000000000       -5.45502095657474     
  -1.00000000000000       -7.75845042690236     
   1.00000000000000       -7.18117067629470     
   1.00000000000000       -3.72173598168188     
   1.00000000000000       -1.01412216796785     
   1.00000000000000      -0.361608594247556     
   1.00000000000000       0.688397734623726     
  -1.00000000000000        2.70899065568225     
  -1.00000000000000        5.05153018614717     
  -1.00000000000000        7.13662169742190     
   1.00000000000000        8.54676865435263     
  -1.00000000000000        7.23331122192223     
   1.00000000000000        3.36934196242485     
   1.00000000000000       -1.44944662776754     
  -1.00000000000000       -3.94628764106529     
  -1.00000000000000       -5.37423267485905     
  -1.00000000000000       -4.79971358591667     
  -1.00000000000000       -1.89710331804089     
  -1.00000000000000       4.631061387779353E-002
  -1.00000000000000      -0.193695694955377     
  -1.00000000000000       -1.72650131045101     
   1.00000000000000       -3.50066472115574     
  -1.00000000000000       -5.26233709485675     
   1.00000000000000       -7.02927314923504     
   1.00000000000000       -8.59365970328591     
  -1.00000000000000       -7.82642877188171     
  -1.00000000000000       -6.41646246086215     
   1.00000000000000       -3.68899823048021     
   1.00000000000000       0.587508405225301     
   1.00000000000000        2.93861464700501     
   1.00000000000000        2.52558359339921     
   1.00000000000000        2.28547287749024     
   1.00000000000000        2.99778917267432     
   1.00000000000000        4.38132387684108     
  -1.00000000000000        5.99656515518113     
  -1.00000000000000        7.44391599996574     
  -1.00000000000000        8.51405567129936     
   1.00000000000000        9.03584807682528     
   1.00000000000000        7.24273211110642     
  -1.00000000000000        3.01826818051051     
   1.00000000000000       -2.21599124270206     
  -1.00000000000000       -5.03189176771725     
  -1.00000000000000       -4.63940502858411     
   1.00000000000000       -4.04476065161889     
  -1.00000000000000       -2.36601625122540     
  -1.00000000000000       -1.20668263989289     
   1.00000000000000       -1.56695899228111     
  -1.00000000000000       -1.07075443387568     
  -1.00000000000000      -0.859506379182877     
   1.00000000000000       -1.99034552482661     
   1.00000000000000       -2.05994232573268     
   1.00000000000000       -2.30140485913278     
   1.00000000000000       -3.58449160722278     
   1.00000000000000       -3.17575636935987     
   1.00000000000000      -0.642026067474418     
   1.00000000000000        2.59007686689461     
  -1.00000000000000        5.80986868309164     
  -1.00000000000000        8.43305900001719     
  -1.00000000000000        10.0243340580709     
  -1.00000000000000        10.4752896305256     
   1.00000000000000        7.92083914257109     
   1.00000000000000        2.84010680359518     
   1.00000000000000       -2.91967907666869     
   1.00000000000000       -8.02790800582045     
   1.00000000000000       -9.47267555872190     
   1.00000000000000       -7.00272085737829     
   1.00000000000000       -2.01030767799302     
   1.00000000000000        3.57568549925558     
   1.00000000000000        8.34493381366986     
  -1.00000000000000        11.7163080640251     
  -1.00000000000000        13.5344689389542     
   1.00000000000000        13.6008107278018     
  -1.00000000000000        12.3486815538105     
   1.00000000000000        8.59650599739838     
   1.00000000000000        2.69911167757785     
  -1.00000000000000       -1.46710912475252     
   1.00000000000000       -4.61594440945935     
  -1.00000000000000       -5.40277067085636     
  -1.00000000000000       -3.22084190257082     
   1.00000000000000       -1.53275551551071     
  -1.00000000000000       0.605004670512167     
  -1.00000000000000        1.53838214602003     
  -1.00000000000000       0.300289640928691     
   1.00000000000000      -0.162751473929320     
  -1.00000000000000      -0.996205311388229     
   1.00000000000000       -2.97087410461766     
   1.00000000000000       -5.09835790450875     
   1.00000000000000       -4.97159976285260     
   1.00000000000000       -4.63584656131287     
   1.00000000000000       -3.18179571269495     
  -1.00000000000000      -0.216110340846210     
  -1.00000000000000        3.31849373071962     
  -1.00000000000000        6.63043341624779     
  -1.00000000000000        9.24132251202442     
   1.00000000000000        8.90003388138808     
  -1.00000000000000        5.50552766933985     
  -1.00000000000000       0.540999463215231     
  -1.00000000000000       -4.70330902098796     
  -1.00000000000000       -6.86994237018508     
  -1.00000000000000       -7.51153194170397     
  -1.00000000000000       -7.96486291975829     
  -1.00000000000000       -7.89198580413995     
   1.00000000000000       -7.68553377828402     
   1.00000000000000       -7.64952360135873     
  -1.00000000000000       -7.68148836165704     
   1.00000000000000       -7.61767256082103     
  -1.00000000000000       -5.65608774619901     
  -1.00000000000000       -1.73530489867845     
  -1.00000000000000       0.768595348795031     
  -1.00000000000000        2.89797607671248     
  -1.00000000000000        3.26633484014415     
  -1.00000000000000        1.37753325412298     
  -1.00000000000000       -1.61429077411062     
   1.00000000000000       -5.00169892613190     
   1.00000000000000       -7.94589718687680     
  -1.00000000000000       -9.81997961130655     
   1.00000000000000       -10.6746196602090     
   1.00000000000000       -8.49790876122619     
  -1.00000000000000       -3.70620080723424     
   1.00000000000000      -0.105606181421090     
   1.00000000000000        2.78909747020547     
  -1.00000000000000        5.58561083908260     
   1.00000000000000        5.67171771019931     
   1.00000000000000        4.88445943067227     
   1.00000000000000        4.93808182355320     
   1.00000000000000        3.61432912201790     
   1.00000000000000        2.59931537212775     
  -1.00000000000000        3.06274763706013     
  -1.00000000000000        4.29551099976517     
  -1.00000000000000        5.79514736989537     
  -1.00000000000000        7.34142131499215     
   1.00000000000000        6.44128292977278     
   1.00000000000000        2.93413035784588     
   1.00000000000000       -1.63047750171984     
  -1.00000000000000       -6.17652297159385     
  -1.00000000000000       -7.87980443541094     
   1.00000000000000       -6.17607628152612     
   1.00000000000000       -2.39093739595223     
   1.00000000000000       0.191698095488846     
   1.00000000000000       0.521657911574187     
  -1.00000000000000        1.21510427621244     
   1.00000000000000        2.66199472690642     
   1.00000000000000        4.45695266118185     
   1.00000000000000        6.61947406955983     
   1.00000000000000        6.34482501712973     
   1.00000000000000        5.26298585843327     
   1.00000000000000        4.92477490314416     
   1.00000000000000        5.04777548340419     
   1.00000000000000        5.57126222109445     
  -1.00000000000000        6.26249705050739     
  -1.00000000000000        6.76214515250091     
   1.00000000000000        7.11478995853188     
   1.00000000000000        7.20732144047206     
   1.00000000000000        5.12814818072268     
   1.00000000000000        1.25533703613324     
  -1.00000000000000       -1.12120220704148     
   1.00000000000000       -1.15582208572314     
  -1.00000000000000       0.388990007725260     
  -1.00000000000000        2.86676034567187     
  -1.00000000000000        3.64567617892281     
   1.00000000000000        3.94329709829141     
   1.00000000000000        2.84422372908076     
   1.00000000000000      -6.802891762450078E-002
  -1.00000000000000       -3.55241883208353     
  -1.00000000000000       -4.64869585382840     
   1.00000000000000       -2.93935652759472     
   1.00000000000000       0.365220903350570     
   1.00000000000000        2.31889910664722     
  -1.00000000000000        1.74412601795495     
  -1.00000000000000        1.20544955781231     
   1.00000000000000        1.80045301661348     
   1.00000000000000        3.18476086668025     
  -1.00000000000000        2.84344227738598     
  -1.00000000000000       0.428146238493866     
  -1.00000000000000      -0.864399216671710     
   1.00000000000000      -0.479278825259068     
  -1.00000000000000      -0.962175884086803     
  -1.00000000000000       -2.66502148431976     
  -1.00000000000000       -4.67687411072995     
  -1.00000000000000       -4.56098564545978     
   1.00000000000000       -4.08723262788291     
   1.00000000000000       -4.52693539226608     
   1.00000000000000       -5.56159210987426     
   1.00000000000000       -6.70079206025792     
  -1.00000000000000       -5.49440613721455     
   1.00000000000000       -1.78647542018416     
   1.00000000000000        2.86907748095075     
   1.00000000000000        7.22028039655498     
  -1.00000000000000        8.61613861782277     
  -1.00000000000000        8.65041494927798     
  -1.00000000000000        8.36949943911769     
  -1.00000000000000        7.98195956986983     
  -1.00000000000000        5.75032139000342     
  -1.00000000000000        1.78406172274509     
   1.00000000000000       -2.58652810899023     
   1.00000000000000       -6.59282703429405     
   1.00000000000000       -9.49972550399494     
   1.00000000000000       -10.9756015284065     
  -1.00000000000000       -9.38268523406017     
  -1.00000000000000       -5.06752180796716     
   1.00000000000000       0.286408154787263     
  -1.00000000000000        5.59913155685913     
   1.00000000000000        7.76992703869191     
  -1.00000000000000        6.17142873088041     
  -1.00000000000000        4.18609032818432     
   1.00000000000000        1.52259342538095     
   1.00000000000000      -2.551294318739212E-002
  -1.00000000000000       -1.48389503514362     
  -1.00000000000000       -3.63123088874038     
   1.00000000000000       -3.99493382290924     
  -1.00000000000000       -2.10422474085269     
   1.00000000000000      -0.975706539663603     
  -1.00000000000000       -1.47840639081432     
   1.00000000000000      -0.874501490067952     
   1.00000000000000      -0.796011694437430     
   1.00000000000000      -0.389362260200031     
  -1.00000000000000      -0.740346104607789     
  -1.00000000000000      -0.297104683127184     
   1.00000000000000        1.65768990925326     
  -1.00000000000000        4.55273619353510     
   1.00000000000000        5.35960138725824     
  -1.00000000000000        3.26609286553119     
  -1.00000000000000        1.52780827944261     
  -1.00000000000000      -0.581967167256399     
  -1.00000000000000       -1.33163770892946     
  -1.00000000000000       -2.03573860141729     
  -1.00000000000000       -3.62080414640668     
   1.00000000000000       -5.48326361794146     
  -1.00000000000000       -7.15303293881963     
   1.00000000000000       -8.38933166446447     
  -1.00000000000000       -9.12001324579296     
   1.00000000000000       -7.56840191466365     
  -1.00000000000000       -5.62545573181623     
   1.00000000000000       -2.60881565855871     
   1.00000000000000      -0.650887040312726     
  -1.00000000000000        1.07293403262738     
  -1.00000000000000        1.41859723461908     
   1.00000000000000        1.68295187385135     
   1.00000000000000        2.91408134458271     
  -1.00000000000000        2.63891264532590     
  -1.00000000000000       0.508417849266197     
   1.00000000000000      -0.471863129074144     
  -1.00000000000000       0.344741722233842     
   1.00000000000000       0.373927957777204     
   1.00000000000000       -1.06709550012506     
   1.00000000000000       -1.35506697454957     
   1.00000000000000       -1.81119045709872     
  -1.00000000000000       -1.35088341670257     
   1.00000000000000       0.668845732543773     
  -1.00000000000000        3.60275934228142     
  -1.00000000000000        6.41332271597327     
   1.00000000000000        6.56727529675503     
  -1.00000000000000        5.71964372759893     
   1.00000000000000        3.36832129438513     
  -1.00000000000000      -0.442682090744260     
   1.00000000000000       -2.37888135929315     
  -1.00000000000000       -3.88174565542857     
  -1.00000000000000       -3.74109050834545     
   1.00000000000000       -3.40625715188014     
  -1.00000000000000       -1.90683123627446     
   1.00000000000000      -0.814521243636537     
  -1.00000000000000       -1.28576050272063     
   1.00000000000000      -0.848688102953271     
  -1.00000000000000      -0.956811222329043     
   1.00000000000000      -0.455312000135753     
   1.00000000000000      -0.510307009587128     
  -1.00000000000000       0.110196646025790     
   1.00000000000000      -0.116919646877324     
  -1.00000000000000       8.569361301311738E-002
   1.00000000000000        1.47133807209305     
   1.00000000000000        1.44780186471049     
  -1.00000000000000        1.54706299183671     
  -1.00000000000000       0.887597631919111     
   1.00000000000000       0.810798027067736     
   1.00000000000000        2.10515100741020     
   1.00000000000000        2.21819470741953     
  -1.00000000000000       0.396163354387679     
   1.00000000000000      -0.550556704297040     
  -1.00000000000000       0.382300449951795     
  -1.00000000000000        2.56744432994738     
  -1.00000000000000        3.32857662162628     
  -1.00000000000000        3.65850803243286     
  -1.00000000000000        2.57103604607456     
  -1.00000000000000      -0.191097802161464     
  -1.00000000000000       -3.63806035639008     
   1.00000000000000       -6.64742552026581     
  -1.00000000000000       -8.72360625921936     
   1.00000000000000       -9.77786079089544     
  -1.00000000000000       -10.0897256629485     
   1.00000000000000       -7.80484149298957     
  -1.00000000000000       -5.03555217972602     
  -1.00000000000000       -1.57145071932463     
  -1.00000000000000       0.608146819901038     
   1.00000000000000        2.39539398810132     
   1.00000000000000        2.73623317118221     
  -1.00000000000000       0.988765286350808     
   1.00000000000000       -1.99030236456670     
  -1.00000000000000       -3.20011243464888     
  -1.00000000000000       -1.76907395759175     
  -1.00000000000000       -1.02431436221451     
   1.00000000000000      -2.738184241905894E-002
   1.00000000000000       0.294205162545781     
  -1.00000000000000      -0.833859672047643     
   1.00000000000000       -2.77326314207381     
  -1.00000000000000       -2.71549202318533     
  -1.00000000000000      -0.226469826185695     
   1.00000000000000        1.17426856246949     
  -1.00000000000000        2.38178447169985     
  -1.00000000000000        2.14865176957879     
  -1.00000000000000      -4.830966627692733E-002
   1.00000000000000       -1.09878602947201     
  -1.00000000000000       -2.20149370674116     
   1.00000000000000       -4.29791068407961     
   1.00000000000000       -6.38135153912686     
  -1.00000000000000       -5.99102728203141     
  -1.00000000000000       -5.03736217317062     
   1.00000000000000       -2.76894272602299     
   1.00000000000000       0.986627941038097     
  -1.00000000000000        2.88859252162286     
  -1.00000000000000        2.09750954491602     
   1.00000000000000        1.42115549210973     
  -1.00000000000000        1.98931009325454     
   1.00000000000000        1.42949926974765     
  -1.00000000000000      -0.860097640092115     
  -1.00000000000000       -2.07800534911252     
  -1.00000000000000       -3.09435436389114     
  -1.00000000000000       -2.50902509290649     
  -1.00000000000000       -2.02858516079226     
  -1.00000000000000       -2.83273514723957     
  -1.00000000000000       -4.47440735581051     
  -1.00000000000000       -6.40287001352935     
   1.00000000000000       -7.98424251279544     
   1.00000000000000       -9.00326464239992     
   1.00000000000000       -9.41110364847931     
  -1.00000000000000       -9.52358076118115     
  -1.00000000000000       -7.26620604434101     
  -1.00000000000000       -2.78726724227823     
  -1.00000000000000        2.28885568067080     
   1.00000000000000        4.64915188336096     
   1.00000000000000        3.79866561236120     
  -1.00000000000000        1.08992274306164     
   1.00000000000000       -2.52362475528293     
  -1.00000000000000       -3.96912972776280     
  -1.00000000000000       -2.79011581185977     
  -1.00000000000000       -1.85370832239160     
   1.00000000000000      -0.472847229995543     
   1.00000000000000      -0.135513211132271     
  -1.00000000000000       -1.56706009537791     
   1.00000000000000       -3.76607868223595     
  -1.00000000000000       -3.81009765394627     
   1.00000000000000       -1.41191163458624     
   1.00000000000000       0.122825048464084     
  -1.00000000000000        1.64352379720893     
  -1.00000000000000        2.03601615735329     
   1.00000000000000        2.53909783525967     
  -1.00000000000000        3.79573327493065     
  -1.00000000000000        3.23785348835426     
  -1.00000000000000       0.598653748456639     
   1.00000000000000      -0.859234231499744     
   1.00000000000000       -2.11083412070261     
  -1.00000000000000       -3.98428155668843     
   1.00000000000000       -5.95944144314849     
   1.00000000000000       -5.53106714094069     
  -1.00000000000000       -2.59165696094230     
   1.00000000000000      -0.561662546751094     
  -1.00000000000000        1.51287331317353     
   1.00000000000000        4.14341933169012     
   1.00000000000000        4.74774157949189     
  -1.00000000000000        4.98057412837383     
   1.00000000000000        3.70897028939311     
   1.00000000000000        2.57461103039083     
  -1.00000000000000        2.86527496142146     
   1.00000000000000        1.98994325425798     
  -1.00000000000000        1.38849026437858     
  -1.00000000000000        2.24142296619022     
  -1.00000000000000        1.92479238664047     
   1.00000000000000        1.96174149012284     
   1.00000000000000        1.23565559893595     
  -1.00000000000000       -1.08724421559150     
   1.00000000000000       -3.97643666533912     
   1.00000000000000       -4.58998112408090     
  -1.00000000000000       -2.35367419681674     
  -1.00000000000000      -0.530851024370442     
  -1.00000000000000        1.51280062078924     
   1.00000000000000        4.26932419720649     
  -1.00000000000000        4.81080382364790     
  -1.00000000000000        2.73549248294498     
  -1.00000000000000      -0.935421558111120     
  -1.00000000000000       -3.10537731385492     
  -1.00000000000000       -4.56495253774004     
   1.00000000000000       -6.08916975245820     
  -1.00000000000000       -7.36494803660814     
  -1.00000000000000       -8.27945027308297     
  -1.00000000000000       -8.88870417604492     
   1.00000000000000       -7.20275369945509     
  -1.00000000000000       -5.21728203227661     
  -1.00000000000000       -4.18111090012444     
  -1.00000000000000       -4.04259009049889     
   1.00000000000000       -2.57814233790273     
  -1.00000000000000       -1.43811868926653     
  -1.00000000000000       -1.82845548237021     
  -1.00000000000000       -3.31850478374742     
   1.00000000000000       -3.22127293859577     
  -1.00000000000000       -3.12806941591984     
  -1.00000000000000       -4.00455313215743     
   1.00000000000000       -5.55899838350235     
  -1.00000000000000       -5.25282558479919     
  -1.00000000000000       -4.52834600064575     
  -1.00000000000000       -4.35678908865275     
  -1.00000000000000       -2.66634806564645     
  -1.00000000000000       -1.44099829110167     
  -1.00000000000000       -1.94094047511600     
   1.00000000000000       -3.65428869914475     
   1.00000000000000       -5.69925849360883     
   1.00000000000000       -7.42422182289138     
   1.00000000000000       -8.64400290905642     
   1.00000000000000       -7.13886515433003     
   1.00000000000000       -3.06678392082739     
   1.00000000000000        1.84687996443188     
   1.00000000000000        6.48930875658191     
   1.00000000000000        10.1883310223376     
  -1.00000000000000        12.3010397821187     
   1.00000000000000        12.7436074000866     
   1.00000000000000        11.8495010118464     
   1.00000000000000        10.4082744286241     
  -1.00000000000000        6.99029888193321     
  -1.00000000000000        3.76197823764157     
   1.00000000000000        2.34817385601744     
   1.00000000000000        2.51678884588092     
   1.00000000000000        1.63533417791784     
   1.00000000000000      -0.615730260555418     
   1.00000000000000       -1.20478420177026     
   1.00000000000000       0.347081980874483     
  -1.00000000000000        2.89908041884936     
   1.00000000000000        5.58030453867440     
   1.00000000000000        7.89549663742694     
  -1.00000000000000        9.54787961168135     
  -1.00000000000000        8.15702231417053     
  -1.00000000000000        5.95776890752867     
  -1.00000000000000        4.82453397745476     
  -1.00000000000000        2.82441650486776     
   1.00000000000000      -0.455588313896612     
   1.00000000000000       -4.13510152881193     
   1.00000000000000       -7.41267509917510     
   1.00000000000000       -9.81125029708413     
  -1.00000000000000       -9.00334974135762     
   1.00000000000000       -5.03313441927727     
  -1.00000000000000       0.348472644676183     
   1.00000000000000        5.55069599411257     
  -1.00000000000000        7.51007763671991     
   1.00000000000000        7.86570456165791     
  -1.00000000000000        5.99621222559624     
   1.00000000000000        3.87961260777384     
   1.00000000000000        1.00028469866621     
   1.00000000000000      -0.808993299036108     
   1.00000000000000       -2.48178786532594     
   1.00000000000000       -2.66854371297553     
   1.00000000000000      -0.801392301231129     
  -1.00000000000000        2.14845118968273     
   1.00000000000000        5.28400520050960     
   1.00000000000000        7.85771178719237     
  -1.00000000000000        9.44899127331572     
  -1.00000000000000        8.22091490177592     
  -1.00000000000000        6.32757096630996     
  -1.00000000000000        5.28730880531676     
   1.00000000000000        3.04028903485018     
  -1.00000000000000      -0.629758634278291     
  -1.00000000000000       -4.57976904582508     
  -1.00000000000000       -8.02362490446363     
  -1.00000000000000       -8.49985572215638     
  -1.00000000000000       -7.92174960837225     
  -1.00000000000000       -7.45882609476616     
   1.00000000000000       -7.13636755278116     
  -1.00000000000000       -7.02578197422510     
  -1.00000000000000       -7.13331917941808     
  -1.00000000000000       -7.33788639337886     
   1.00000000000000       -5.35945111076260     
  -1.00000000000000       -3.24400772299600     
   1.00000000000000       -2.66122125764941     
  -1.00000000000000       -3.27886777241626     
   1.00000000000000       -2.32536870496607     
   1.00000000000000       -1.54056865688175     
   1.00000000000000      -0.136104800289424     
  -1.00000000000000       0.357053647960028     
   1.00000000000000       0.987776199292089     
   1.00000000000000        2.49067624901948     
  -1.00000000000000        4.32349809150528     
  -1.00000000000000        4.11320542937033     
   1.00000000000000        3.62746598508736     
  -1.00000000000000        3.92525602807858     
   1.00000000000000        2.90539357625670     
  -1.00000000000000       0.200619993315737     
  -1.00000000000000       -1.27825510818147     
   1.00000000000000       -2.48982458564354     
  -1.00000000000000       -2.10440411011954     
  -1.00000000000000       -1.73014495886905     
   1.00000000000000       -2.52577732413203     
   1.00000000000000       -2.17409184777035     
   1.00000000000000       -2.08891902375638     
   1.00000000000000       -2.96463307936454     
  -1.00000000000000       -2.30984546770377     
   1.00000000000000       0.223180106545589     
   1.00000000000000        3.58108344107267     
  -1.00000000000000        6.88847465713693     
   1.00000000000000        7.43876879327351     
  -1.00000000000000        6.72228437091677     
   1.00000000000000        6.24841021874961     
  -1.00000000000000        4.19859762702046     
   1.00000000000000        2.29493164257954     
   1.00000000000000       8.927724838231677E-003
  -1.00000000000000      -0.964807857396611     
  -1.00000000000000       -1.76072515981030     
  -1.00000000000000       -1.25368260269034     
   1.00000000000000       0.711727023609730     
   1.00000000000000        1.43219845920848     
   1.00000000000000       0.182603892772868     
  -1.00000000000000       -2.19591302609821     
   1.00000000000000       -2.87187813696791     
  -1.00000000000000       -1.14381721094718     
  -1.00000000000000        1.93208519743914     
  -1.00000000000000        3.23971117299831     
   1.00000000000000        3.89127764390433     
   1.00000000000000        2.92052691035450     
  -1.00000000000000       0.201093693090300     
   1.00000000000000       -3.22642624812699     
   1.00000000000000       -4.70635422339485     
   1.00000000000000       -3.30781575850130     
   1.00000000000000       -2.04195883468983     
  -1.00000000000000      -0.229816778670399     
  -1.00000000000000        2.60433334947677     
   1.00000000000000        5.69353203505499     
  -1.00000000000000        8.26506770945266     
  -1.00000000000000        7.97841701504704     
  -1.00000000000000        4.71501234021063     
  -1.00000000000000        2.08553715770957     
  -1.00000000000000      -0.644248332026039     
  -1.00000000000000       -3.87702405006889     
   1.00000000000000       -7.09286072195992     
  -1.00000000000000       -9.58088506597263     
   1.00000000000000       -10.9271581323499     
  -1.00000000000000       -11.1490847209006     
   1.00000000000000       -8.10896180815721     
  -1.00000000000000       -4.45756686560709     
   1.00000000000000      -0.426797110298128     
   1.00000000000000        1.89283913349180     
   1.00000000000000        3.71956160974605     
   1.00000000000000        3.71009843336527     
  -1.00000000000000        3.53147073963809     
  -1.00000000000000        4.27895819213640     
  -1.00000000000000        5.59110623923666     
   1.00000000000000        7.07578529164020     
   1.00000000000000        6.15016373569216     
   1.00000000000000        3.12282907589525     
   1.00000000000000      -0.663472792505466     
   1.00000000000000       -2.50945522902512     
  -1.00000000000000       -1.61714198971597     
  -1.00000000000000       0.972018675307790     
  -1.00000000000000        4.24111600260022     
  -1.00000000000000        7.26610775357101     
  -1.00000000000000        7.31113747824093     
   1.00000000000000        4.38216003756583     
   1.00000000000000       3.605883559718669E-002
  -1.00000000000000       -4.50586334579617     
  -1.00000000000000       -8.37300089446639     
   1.00000000000000       -8.90423678989908     
   1.00000000000000       -5.93477423560082     
  -1.00000000000000       -3.05228131815030     
  -1.00000000000000       -1.61885189603336     
  -1.00000000000000       0.404117703079361     
   1.00000000000000        3.30539350943003     
  -1.00000000000000        4.10798479136430     
   1.00000000000000        2.12641805763829     
  -1.00000000000000       -1.35922038083083     
   1.00000000000000       -2.96692120757340     
   1.00000000000000       -3.96140642313961     
   1.00000000000000       -3.14660731227685     
   1.00000000000000       -2.18954404717126     
   1.00000000000000      -0.269086796321994     
   1.00000000000000        2.65064826609420     
   1.00000000000000        5.43239949176173     
   1.00000000000000        7.55817641100237     
   1.00000000000000        8.93533414802576     
  -1.00000000000000        9.48854085143717     
   1.00000000000000        9.38016790165650     
  -1.00000000000000        9.12358079681538     
   1.00000000000000        8.62382286036872     
  -1.00000000000000        6.06197907684748     
   1.00000000000000        3.58815331920943     
   1.00000000000000       0.730326021142165     
   1.00000000000000      -0.808779789552426     
   1.00000000000000       -2.23645289081021     
   1.00000000000000       -2.34795795021699     
   1.00000000000000      -0.472282380893189     
  -1.00000000000000        2.22947371813681     
   1.00000000000000        4.95405769369675     
  -1.00000000000000        7.30748281484693     
  -1.00000000000000        8.95129760942638     
   1.00000000000000        7.76406438192224     
  -1.00000000000000        5.91050767240617     
   1.00000000000000        2.98039622091593     
   1.00000000000000       -1.28106487218814     
   1.00000000000000       -3.56259636814371     
   1.00000000000000       -5.07243032031362     
  -1.00000000000000       -4.70131496226958     
  -1.00000000000000       -1.95260435130882     
   1.00000000000000        1.61478943974558     
   1.00000000000000        5.11287495680682     
  -1.00000000000000        6.07779468844706     
   1.00000000000000        4.32363875207604     
  -1.00000000000000        2.98206594311320     
  -1.00000000000000        2.91777203541302     
   1.00000000000000        1.88205407790645     
   1.00000000000000        1.35847205780521     
   1.00000000000000       0.137316683446304     
  -1.00000000000000       -2.14576036484422     
  -1.00000000000000       -2.72893577883609     
   1.00000000000000       -1.12513168512893     
   1.00000000000000        1.87034394401710     
   1.00000000000000        2.91826022094772     
  -1.00000000000000        1.37241758599876     
   1.00000000000000       0.729558995571645     
  -1.00000000000000        1.84019006372251     
   1.00000000000000        3.85204087550341     
  -1.00000000000000        4.13756554679723     
   1.00000000000000        4.12046970059494     
  -1.00000000000000        2.74272084403640     
   1.00000000000000        1.73359725235225     
   1.00000000000000       0.275521249086808     
  -1.00000000000000      -0.192124837459478     
   1.00000000000000      -0.860710718125905     
  -1.00000000000000      -0.586303501354459     
  -1.00000000000000        1.22820406098312     
   1.00000000000000        1.88188726367634     
  -1.00000000000000        2.59960017099648     
   1.00000000000000        2.02423592696776     
   1.00000000000000      -0.435207890232665     
  -1.00000000000000       -1.45594886274023     
  -1.00000000000000       -2.23196133917164     
   1.00000000000000       -1.64886131496133     
  -1.00000000000000       0.602278835895831     
   1.00000000000000        1.58748328203240     
   1.00000000000000       0.347645243488920     
  -1.00000000000000      -0.231924829315554     
   1.00000000000000       -1.03013382558701     
  -1.00000000000000      -0.778080296091645     
  -1.00000000000000        1.24040444637593     
   1.00000000000000        1.94927418862278     
   1.00000000000000        2.53481575195550     
   1.00000000000000        1.88135583428246     
  -1.00000000000000      -0.398578571928904     
   1.00000000000000       -1.35687465104460     
  -1.00000000000000      -0.411334585863939     
   1.00000000000000        1.72314732673257     
  -1.00000000000000        2.55298804543678     
  -1.00000000000000        3.20547774481991     
  -1.00000000000000        2.31851680192366     
  -1.00000000000000        1.80975774323720     
  -1.00000000000000       0.445858342613472     
   1.00000000000000       -2.32991511861081     
  -1.00000000000000       -5.35560668011617     
  -1.00000000000000       -7.95134015241445     
  -1.00000000000000       -9.78725771271826     
   1.00000000000000       -8.59702652521702     
   1.00000000000000       -6.65858239744358     
   1.00000000000000       -5.53597447082198     
   1.00000000000000       -5.08111430527119     
   1.00000000000000       -3.30656468563891     
   1.00000000000000       0.119314837935595     
  -1.00000000000000        4.08675251611123     
  -1.00000000000000        7.57795422297793     
   1.00000000000000        10.2443175796232     
   1.00000000000000        11.7260776392353     
  -1.00000000000000        9.90375920422255     
  -1.00000000000000        5.15006383581713     
   1.00000000000000        1.33127111510317     
   1.00000000000000       8.663116426194299E-002
  -1.00000000000000       -1.10569119611687     
   1.00000000000000       -3.13391432553320     
  -1.00000000000000       -3.49828615941203     
   1.00000000000000       -1.65162603605604     
   1.00000000000000      -0.612395937412398     
   1.00000000000000       0.501783512627075     
  -1.00000000000000       0.414081385320654     
  -1.00000000000000       0.781053376307655     
   1.00000000000000        2.33020634986627     
  -1.00000000000000        4.34675988264058     
  -1.00000000000000        4.47612716328623     
  -1.00000000000000        2.24676975579563     
   1.00000000000000       0.814257720486892     
  -1.00000000000000      -0.698237766857974     
  -1.00000000000000       -2.98238921376305     
  -1.00000000000000       -5.36962692283803     
   1.00000000000000       -5.54442721372288     
   1.00000000000000       -4.99234681112538     
  -1.00000000000000       -4.80929683017532     
   1.00000000000000       -5.07273823423851     
   1.00000000000000       -3.72014729885466     
   1.00000000000000      -0.517891632231687     
  -1.00000000000000        1.26887142117663     
  -1.00000000000000        2.76100943301606     
  -1.00000000000000        4.73193277359069     
  -1.00000000000000        6.52326110883002     
  -1.00000000000000        5.93367349622897     
   1.00000000000000        3.05194197710840     
  -1.00000000000000       -1.20660758485891     
  -1.00000000000000       -5.55191371311315     
   1.00000000000000       -8.93232899240404     
  -1.00000000000000       -8.86463631968565     
   1.00000000000000       -7.46822445485367     
  -1.00000000000000       -6.59792557744022     
  -1.00000000000000       -4.17554639836629     
  -1.00000000000000       -2.25215325519822     
   1.00000000000000      -0.194050187919035     
   1.00000000000000       0.495470788565538     
   1.00000000000000      -0.420748909219155     
  -1.00000000000000       -2.17162000066834     
  -1.00000000000000       -2.37545384933102     
  -1.00000000000000      -0.583192736893778     
  -1.00000000000000        2.18886176724227     
   1.00000000000000        3.15517082434624     
  -1.00000000000000        1.55179591421001     
  -1.00000000000000       -1.45526385615356     
  -1.00000000000000       -4.71059366727054     
  -1.00000000000000       -5.72886461123207     
   1.00000000000000       -6.01555852993718     
   1.00000000000000       -6.56072396147374     
  -1.00000000000000       -7.01007154783757     
   1.00000000000000       -7.34323218832990     
   1.00000000000000       -5.69980425718594     
  -1.00000000000000       -1.97761260366096     
   1.00000000000000       0.543684237017923     
   1.00000000000000        2.56929555867554     
   1.00000000000000        4.80595400044734     
  -1.00000000000000        4.84451429612778     
   1.00000000000000        4.41899048378998     
  -1.00000000000000        4.70184784813667     
  -1.00000000000000        5.45040247815281     
   1.00000000000000        4.12273122938944     
  -1.00000000000000        2.63182242845268     
   1.00000000000000       0.438805585974640     
  -1.00000000000000       -2.66123671549663     
  -1.00000000000000       -3.90402789130881     
   1.00000000000000       -4.62640288382788     
   1.00000000000000       -3.71670861955106     
  -1.00000000000000       -2.82065233853133     
  -1.00000000000000       -2.94069758760347     
   1.00000000000000       -1.84473077380343     
  -1.00000000000000       0.760257771983321     
  -1.00000000000000        1.92417047517855     
   1.00000000000000       0.902805526577976     
  -1.00000000000000       0.534891974272789     
  -1.00000000000000      -0.321887361821023     
  -1.00000000000000       -2.47377605754354     
  -1.00000000000000       -3.10617188572527     
